Recognition test. 4 ZigZag around the place.

N1 = (432,2)
N2 = (0,0)
N3 = (495,5)
N4 = (0,250)

Timestamps, x_calculated, y_calculated, d1, d2, d3, d4, rssi1, rssi2, rssi3, rssi4
20171126174341,91,-53,432,100,397,239,-55,-46,-61,-63
20171126174341,82,-66,456,96,397,236,-55,-461,-61,-63
20171126174342,91,-58,436,102,397,243,-55,-46,-61,-63
20171126174343,90,-58,439,100,394,243,-55,-46,-61,-63
20171126174344,101,-5,388,107,399,245,-55,-45,-61,-63
20171126174344,93,1,392,96,403,245,-55,-450,-60,-63
20171126174345,86,-60,447,96,394,239,-55,-450,-60,-63
20171126174345,100,-5,390,102,397,245,-55,-45,-60,-63
20171126174346,95,-35,412,100,399,241,-55,-45,-60,-63
20171126174348,89,-45,427,96,401,245,-53,-446,-56,-57
20171126174348,87,-52,432,98,403,243,-53,-447,-57,-57
20171126174350,95,-46,419,105,401,241,-53,-44,-57,-57
20171126174350,92,-44,421,100,401,243,-53,-45,-57,-57
20171126174351,92,-44,421,100,401,241,-53,-45,-57,-57
20171126174352,93,-46,421,102,401,247,-53,-45,-57,-57
20171126174352,92,-49,425,102,401,239,-53,-45,-57,-57
20171126174353,95,-32,410,100,399,239,-53,-45,-57,-57
20171126174354,99,-26,403,102,394,236,-53,-45,-57,-57
20171126174355,95,-32,410,100,399,239,-53,-45,-57,-57
20171126174355,94,-33,412,98,399,239,-53,-427,-57,-57
20171126174356,96,-34,410,102,399,243,-53,-42,-57,-57
20171126174356,95,-30,408,100,401,241,-53,-42,-57,-57
20171126174357,97,-39,412,105,399,236,-53,-42,-57,-57
20171126174358,98,-43,416,105,394,239,-53,-42,-57,-60
20171126174358,92,-44,421,100,401,243,-53,-42,-57,-60
20171126174359,96,-30,408,100,399,241,-53,-45,-57,-60
20171126174359,97,-31,405,105,403,236,-53,-45,-57,-60
20171126174400,94,-32,410,100,401,236,-53,-45,-57,-60
20171126174401,96,-34,410,102,399,239,-53,-45,-57,-60
20171126174401,98,-37,410,105,399,241,-53,-45,-57,-60
20171126174402,97,-37,410,105,401,241,-53,-45,-57,-60
20171126174402,97,-34,410,102,397,243,-53,-45,-57,-60
20171126174403,97,-41,414,105,399,239,-53,-45,-57,-60
20171126174404,96,-43,416,105,399,239,-53,-45,-57,-60
20171126174404,97,-26,403,102,401,243,-53,-45,-57,-60
20171126174405,100,-33,405,107,399,236,-53,-45,-57,-60
20171126174405,103,-9,388,109,397,239,-47,-45,-57,-60
20171126174407,105,-43,408,113,390,243,-49,-45,-57,-50
20171126174407,125,-34,384,133,375,254,-49,-45,-64,-50
20171126174408,140,-35,375,144,355,274,-49,-53,-64,-57
20171126174409,148,-43,371,158,355,272,-49,-53,-59,-57
20171126174409,141,38,335,151,357,267,-49,-52,-58,-57
20171126174410,150,10,340,158,350,267,-48,-55,-56,-55
20171126174411,145,41,333,159,355,267,-48,-55,-56,-55
20171126174412,142,48,326,149,355,269,-48,-64,-56,-54
20171126174413,147,8,344,153,353,274,-48,-51,-56,-54
20171126174413,150,2,344,159,353,269,-48,-55,-56,-54
20171126174414,151,-3,346,158,350,272,-48,-55,-56,-55
20171126174415,147,-18,357,153,353,272,-48,-65,-56,-55
20171126174415,147,3,346,153,353,263,-48,-55,-59,-55
20171126174416,146,-43,377,151,350,274,-48,-56,-59,-55
20171126174417,146,-45,375,155,355,274,-48,-56,-59,-55
20171126174417,146,-41,372,155,357,272,-48,-56,-59,-56
20171126174418,146,-41,372,155,357,265,-48,-53,-59,-59
20171126174418,142,-38,371,153,364,269,-48,-55,-59,-59
20171126174419,147,-41,372,155,353,278,-48,-55,-59,-57
20171126174420,146,-41,372,155,355,272,-48,-52,-62,-57
20171126174421,148,-31,364,155,353,265,-48,-55,-62,-57
20171126174421,146,-45,375,155,355,272,-48,-55,-62,-57
20171126174422,146,-41,372,155,355,272,-49,-53,-62,-56
20171126174423,146,-53,379,159,359,276,-50,-53,-62,-56
20171126174424,147,-55,381,159,355,274,-50,-56,-62,-60
20171126174424,145,-59,386,158,357,272,-50,-56,-62,-57
20171126174426,147,62,320,164,353,267,-52,-55,-62,-60
20171126174427,170,-19,340,175,329,282,-52,-51,-62,-55
20171126174427,171,15,322,186,335,291,-51,-58,-62,-60
20171126174428,177,-72,375,190,324,294,-51,-54,-59,-60
20171126174429,172,35,309,181,326,287,-67,-54,-65,-61
20171126174430,175,51,302,192,326,291,-67,-54,-66,-61
20171126174430,178,21,311,184,320,287,-52,-52,-66,-61
20171126174431,178,35,304,186,320,289,-52,-52,-66,-61
20171126174432,176,11,318,184,324,289,-49,-56,-66,-60
20171126174433,178,1,322,184,322,285,-49,-56,-70,-60
20171126174433,179,11,316,184,320,291,-49,-56,-70,-61
20171126174434,177,-26,340,181,320,289,-58,-55,-68,-61
20171126174435,185,-24,333,188,313,291,-58,-55,-68,-62
20171126174435,183,-20,331,188,316,289,-58,-55,-68,-62
20171126174436,182,-11,326,188,318,289,-50,-55,-55,-63
20171126174437,183,-24,333,190,320,291,-48,-55,-55,-64
20171126174437,180,-20,333,186,322,287,-48,-55,-55,-64
20171126174438,183,-23,333,188,316,287,-48,-57,-55,-64
20171126174440,182,-27,337,186,316,285,-48,-55,-55,-63
20171126174440,187,-29,333,195,316,291,-48,-57,-55,-63
20171126174441,183,-25,335,186,313,291,-47,-57,-63,-63
20171126174441,183,-26,335,188,316,289,-47,-59,-63,-63
20171126174442,186,-28,335,190,313,289,-48,-55,-57,-65
20171126174443,182,-22,333,188,318,289,-48,-55,-57,-65
20171126174444,182,-15,329,188,320,287,-48,-55,-58,-65
20171126174444,183,-24,333,190,318,285,-48,-55,-58,-65
20171126174445,184,-19,329,190,316,289,-48,-55,-58,-65
20171126174446,183,-13,326,190,318,285,-48,-55,-58,-65
20171126174448,196,-21,322,201,304,298,-48,-55,-58,-71
20171126174448,210,-2,300,219,294,318,-49,-50,-58,-71
20171126174449,222,-3,291,232,282,320,-49,-57,-56,-61
20171126174449,224,4,285,230,276,316,-56,-57,-56,-61
20171126174450,225,0,287,230,274,320,-56,-57,-56,-58
20171126174451,224,16,278,232,276,320,-56,-57,-56,-58
20171126174451,220,6,287,227,280,320,-54,-57,-56,-58
20171126174452,223,6,285,232,280,318,-54,-57,-58,-59
20171126174452,226,8,282,236,278,320,-54,-57,-58,-59
20171126174453,225,-2,289,230,274,318,-54,-57,-59,-61
20171126174454,228,-13,294,234,272,320,-54,-57,-59,-61
20171126174454,225,-5,291,230,274,318,-54,-55,-59,-60
20171126174455,226,0,287,232,274,313,-54,-55,-59,-77
20171126174455,228,-5,289,230,269,324,-54,-54,-59,-77
20171126174456,230,-1,285,232,267,324,-54,-54,-58,-59
20171126174457,228,-6,289,234,272,318,-54,-61,-58,-59
20171126174457,227,1,285,234,274,313,-54,-54,-58,-59
20171126174458,227,-1,287,234,274,316,-54,-54,-58,-59
20171126174459,227,-7,291,232,272,318,-54,-54,-58,-59
20171126174459,225,0,287,230,274,320,-54,-55,-58,-58
20171126174500,228,0,285,234,272,320,-54,-55,-58,-58
20171126174500,228,-7,291,230,269,318,-54,-55,-58,-58
20171126174501,226,-3,289,230,272,318,-56,-55,-59,-80
20171126174502,225,-11,295,232,278,320,-56,-55,-59,-60
20171126174502,227,-8,291,234,274,318,-56,-55,-59,-60
20171126174503,229,-13,294,232,269,316,-56,-55,-59,-60
20171126174503,228,-6,289,236,274,318,-56,-54,-59,-60
20171126174504,229,0,285,232,269,316,-56,-55,-59,-60
20171126174505,228,-6,289,236,274,318,-56,-55,-59,-60
20171126174505,227,-7,291,232,272,318,-56,-54,-58,-58
20171126174506,228,-2,287,230,269,318,-56,-54,-58,-58
20171126174506,231,-5,287,234,267,316,-56,-55,-59,-59
20171126174507,229,-4,287,236,272,316,-56,-55,-59,-59
20171126174508,225,3,285,230,274,320,-56,-55,-59,-59
20171126174508,355,-30,291,232,0,318,-56,-56,0,-58
20171126174509,234,8,276,241,267,318,-54,-56,-59,-58
20171126174509,240,11,269,245,258,333,-54,-56,-59,-62
20171126174510,256,7,261,261,243,348,-49,-56,-55,-62
20171126174511,259,7,258,261,236,346,-49,-57,-53,-62
20171126174511,258,12,256,261,239,355,-49,-58,-53,-62
20171126174512,258,5,261,261,239,348,-49,-58,-52,-62
20171126174513,263,1,261,265,234,348,-52,-58,-51,-70
20171126174514,256,6,261,258,239,346,-52,-57,-53,-70
20171126174514,257,10,258,261,241,350,-48,-57,-53,-70
20171126174515,258,9,258,263,241,348,-53,-56,-53,-59
20171126174515,260,0,263,261,236,344,-54,-56,-53,-59
20171126174516,258,2,263,263,241,344,-46,-56,-53,-60
20171126174517,258,9,258,263,241,346,-47,-56,-53,-60
20171126174517,255,25,249,261,243,346,-50,-55,-51,-58
20171126174518,260,10,256,267,241,344,-46,-55,-51,-78
20171126174519,260,17,252,267,241,346,-48,-55,-51,-78
20171126174519,262,18,249,267,236,344,-49,-55,-51,-78
20171126174520,259,14,254,265,241,344,-44,-54,-51,-57
20171126174520,262,11,254,267,236,346,-49,-55,-51,-57
20171126174521,258,30,245,269,245,346,-46,-55,-51,-57
20171126174522,263,13,252,269,236,346,-46,-55,-51,-57
20171126174522,260,17,252,267,241,348,-48,-55,-51,-74
20171126174523,259,8,258,263,239,348,-45,-55,-51,-74
20171126174523,260,3,261,267,241,344,-45,-55,-51,-58
20171126174524,256,12,258,263,245,0,-45,-55,-51,0
20171126174525,258,12,256,261,239,344,-47,-56,-51,-59
20171126174526,256,11,258,261,243,344,-47,-55,-51,-59
20171126174526,260,12,254,263,236,348,-47,-55,-51,-58
20171126174527,262,13,252,265,234,346,-45,-55,-52,-58
20171126174528,260,20,249,265,239,346,-45,-55,-52,-57
20171126174528,268,19,245,274,232,353,-48,-53,-52,-68
20171126174529,279,31,227,282,217,362,-47,-61,-52,-58
20171126174530,293,23,226,300,208,371,-47,-61,-52,-58
20171126174530,292,26,223,294,204,368,-48,-58,-61,-56
20171126174531,287,25,227,291,210,371,-49,-58,-61,-56
20171126174532,290,23,226,289,204,366,-47,-58,-61,-56
20171126174533,294,20,226,295,201,371,-47,-58,-61,-55
20171126174533,290,11,236,291,205,364,-48,-58,-64,-55
20171126174534,289,19,230,289,205,366,-48,-58,-58,-55
20171126174534,290,22,227,289,204,364,-48,-58,-58,-61
20171126174535,290,18,230,291,205,371,-48,-63,-58,-55
20171126174536,290,22,227,289,204,366,-48,-58,-58,-55
20171126174537,289,19,230,289,205,364,-49,-59,-58,-55
20171126174537,291,17,230,294,205,366,-49,-59,-59,-55
20171126174538,292,17,230,294,204,359,-49,-58,-59,-55
20171126174539,293,16,230,298,205,362,-49,-58,-59,-55
20171126174539,291,21,227,294,205,368,-49,-56,-59,-55
20171126174540,291,21,227,294,205,364,-49,-56,-59,-55
20171126174540,290,30,221,295,208,366,-49,-56,-60,-55
20171126174541,294,20,226,295,201,364,-48,-56,-60,-55
20171126174542,292,15,232,295,205,364,-48,-56,-60,-55
20171126174542,294,13,232,298,204,366,-48,-56,-60,-55
20171126174543,292,14,232,291,201,364,-49,-56,-60,-55
20171126174544,290,16,232,291,205,364,-49,-58,-60,-55
20171126174544,292,17,230,295,204,364,-49,-58,-59,-55
20171126174545,292,16,230,291,201,362,-49,-58,-59,-63
20171126174545,295,18,227,295,199,366,-52,-58,-59,-55
20171126174546,294,24,223,295,201,368,-52,-58,-59,-55
20171126174547,299,32,214,304,199,371,-52,-58,-59,-56
20171126174547,308,25,214,311,188,388,-48,-58,-59,-58
20171126174548,336,18,208,359,179,401,-48,-58,-59,-65
20171126174548,333,34,197,350,177,405,-55,-58,-59,-63
20171126174549,329,31,197,331,168,408,-55,-58,-59,-63
20171126174550,329,29,201,337,173,412,-53,-60,-57,-68
20171126174550,329,29,201,337,173,410,-53,-60,-57,-68
20171126174551,327,29,201,333,173,408,-53,-59,-57,-68
20171126174551,325,31,201,333,177,408,-53,-59,-57,-68
20171126174552,326,37,195,333,175,412,-53,-59,-57,-68
20171126174553,328,31,199,335,173,405,-55,-59,-57,-68
20171126174553,328,32,199,337,175,410,-55,-59,-57,-68
20171126174554,329,28,201,335,171,410,-55,-59,-54,-68
20171126174556,330,28,201,340,173,405,-55,-58,-55,-68
20171126174556,331,32,197,340,171,412,-61,-58,-55,-68
20171126174557,331,32,197,340,171,408,-61,-60,-54,-71
20171126174558,330,31,199,340,173,412,-61,-60,-54,-71
20171126174558,335,36,192,344,168,412,-61,-60,-54,-71
20171126174559,331,22,205,337,168,410,-61,-60,-55,-71
20171126174559,327,35,197,335,175,412,-61,-60,-55,-71
20171126174600,339,27,199,357,171,408,-61,-60,-55,-71
20171126174601,329,31,199,337,173,414,-61,-60,-55,-71
20171126174602,335,30,197,344,168,408,-62,-60,-55,-71
20171126174602,352,29,195,379,168,412,-62,-60,-70,-71
20171126174604,376,28,190,414,155,419,-60,-60,-70,-70
20171126174604,348,28,190,348,146,419,-60,-57,-70,-58
20171126174605,358,27,188,362,140,423,-60,-57,-70,-68
20171126174606,358,32,184,364,142,432,-60,-57,-70,-68
20171126174606,357,29,188,366,146,436,-60,-63,-70,-67
20171126174607,357,27,190,366,146,430,-60,-63,-62,-67
20171126174607,359,25,190,364,140,430,-61,-63,-52,-66
20171126174608,361,27,186,364,136,425,-62,-63,-52,-65
20171126174609,357,26,190,364,144,423,-62,-63,-52,-65
20171126174609,359,31,184,362,140,421,-57,-63,-52,-66
20171126174610,356,29,186,357,140,430,-60,-63,-61,-66
20171126174610,352,33,184,353,144,430,-60,-63,-61,-66
20171126174611,352,32,184,350,142,427,-60,-63,-61,-63
20171126174612,352,26,190,350,140,430,-60,-63,-61,-62
20171126174612,354,32,184,353,140,436,-60,-63,-61,-62
20171126174613,352,35,181,350,142,430,-60,-63,-61,-62
20171126174613,350,39,179,350,146,430,-60,-63,-61,-62
20171126174614,352,32,184,348,140,432,-60,-63,-61,-62
20171126174615,355,31,184,355,140,432,-60,-63,-53,-62
20171126174615,354,31,186,357,144,432,-60,-63,-53,-62
20171126174616,354,38,179,357,144,434,-60,-63,-53,-59
20171126174618,356,36,179,357,140,430,-60,-63,-52,-61
20171126174618,356,33,184,362,144,432,-60,-63,-52,-61
20171126174619,357,30,186,362,142,432,-60,-63,-52,-64
20171126174619,350,31,188,355,149,423,-60,-63,-52,-64
20171126174620,355,29,186,355,140,421,-60,-63,-52,-66
20171126174621,357,36,179,359,140,423,-60,-63,-51,-66
20171126174621,381,32,177,390,124,440,-60,-63,-51,-65
20171126174622,411,23,184,436,109,445,-60,-63,-51,-65
20171126174623,421,26,184,452,107,460,-60,-63,-51,-65
20171126174623,418,34,177,445,107,462,-54,-63,-59,-63
20171126174624,413,24,184,439,109,458,-56,-63,-61,-66
20171126174625,410,27,181,434,109,462,-60,-63,-70,-68
20171126174626,412,27,181,436,109,454,-60,-63,-70,-68
20171126174626,406,22,184,425,107,454,-60,-63,-70,-67
20171126174630,405,26,181,425,111,456,-55,-63,-62,-69
20171126174631,406,25,181,423,107,452,-55,-63,-62,-71
20171126174632,411,35,175,434,109,456,-55,-63,-62,-71
20171126174632,415,34,175,436,105,447,-55,-63,-62,-71
20171126174633,410,22,184,432,107,454,-55,-63,-63,-71
20171126174633,404,21,184,421,107,456,-55,-63,-63,-71
20171126174634,414,33,177,439,109,454,-55,-63,-70,-71
20171126174635,408,26,181,430,109,454,-55,-63,-64,-67
20171126174635,417,28,181,443,105,460,-55,-63,-64,-67
20171126174636,408,27,181,432,111,458,-55,-71,-64,-67
20171126174637,413,26,181,436,105,458,-55,-71,-64,-69
20171126174637,400,24,181,410,105,454,-56,-71,-64,-69
20171126174638,415,29,175,427,94,474,-56,-71,-514,-74
20171126174639,498,56,188,487,81,498,-56,-73,-518,-68
20171126174640,469,40,188,482,72,504,-56,-73,-528,-68
20171126174640,504,57,184,493,76,502,-65,-73,-522,-62
20171126174641,492,56,181,487,76,493,-65,-73,-522,-62
20171126174641,512,60,184,498,81,498,-65,-73,-542,-62
20171126174642,511,58,184,498,78,498,-65,-73,-548,-58
20171126174643,445,33,181,467,81,498,-60,-73,-549,-59
20171126174644,417,15,186,421,81,498,-60,-73,-549,-59
20171126174644,445,33,181,467,81,495,-60,-69,-549,-59
20171126174646,510,60,181,498,78,500,-60,-69,-549,-59
20171126174646,513,57,186,498,78,495,-60,-69,-549,-59
20171126174647,504,61,181,493,81,491,-61,-69,-549,-59
20171126174647,484,54,181,484,76,493,-61,-69,-549,-59
20171126174648,497,58,181,489,78,493,-61,-69,-546,-66
20171126174649,445,31,181,465,78,491,-61,-65,-506,-66
20171126174649,416,19,181,419,81,493,-61,-65,-506,-66
20171126174650,424,18,184,434,81,495,-65,-65,-503,-63
20171126174650,419,22,179,423,81,493,-60,-65,-513,-63
20171126174651,419,23,177,421,78,493,-60,-65,-513,-63
20171126174652,435,37,173,454,87,489,-69,-65,-513,-63
20171126174652,474,15,177,456,0,0,-69,-65,0,0
20171126174653,505,64,177,495,83,489,-69,-77,-569,-69
20171126174654,439,30,177,454,76,491,-69,-77,-569,-69
20171126174654,427,23,179,436,78,489,-69,-77,-568,-68
20171126174655,438,34,177,458,85,489,-69,-78,-568,-68
20171126174655,457,47,179,476,87,493,-69,-78,-568,-68
20171126174656,445,40,177,467,87,489,-69,-78,-569,-69
20171126174657,413,23,177,414,83,491,-69,-78,-569,-69
20171126174657,452,41,181,474,85,489,-69,-59,-559,-69
20171126174658,419,-8,204,443,100,478,-69,-59,-42,-69
20171126174658,416,49,164,439,111,478,-69,-59,-42,-69
20171126174659,407,34,175,427,111,471,-59,-59,-42,-69
20171126174700,401,45,166,421,118,471,-68,-59,-48,-69
20171126174701,390,48,168,414,133,456,-55,-59,-49,-60
20171126174701,384,54,164,410,140,460,-55,-66,-58,-63
20171126174702,383,58,162,410,144,458,-57,-62,-58,-63
20171126174703,385,52,164,408,136,454,-57,-62,-58,-64
20171126174703,386,58,159,408,137,462,-58,-61,-58,-64
20171126174704,385,51,166,408,137,467,-58,-61,-58,-64
20171126174705,386,58,159,408,137,462,-58,-59,-51,-64
20171126174705,389,56,159,410,133,465,-58,-57,-51,-64
20171126174706,383,61,158,408,142,460,-58,-57,-51,-62
20171126174706,385,56,162,410,140,460,-58,-57,-51,-62
20171126174707,381,64,159,410,149,462,-57,-57,-51,-62
20171126174708,383,61,159,410,144,465,-57,-59,-51,-56
20171126174708,384,59,162,412,144,462,-59,-59,-53,-62
20171126174709,388,61,158,414,140,465,-59,-59,-53,-62
20171126174709,385,58,162,412,142,458,-59,-58,-53,-62
20171126174710,382,61,159,408,144,462,-61,-58,-53,-62
20171126174711,384,63,158,412,144,460,-61,-58,-53,-62
20171126174711,383,65,159,414,149,460,-61,-58,-53,-62
20171126174712,381,56,164,408,144,458,-61,-58,-53,-62
20171126174713,380,54,164,403,142,456,-61,-58,-53,-62
20171126174714,383,54,164,408,140,458,-61,-58,-53,-64
20171126174714,381,55,164,405,142,471,-63,-60,-53,-64
20171126174715,405,62,140,410,107,452,-63,-61,-53,-64
20171126174715,410,82,124,423,120,449,-63,-61,-45,-64
20171126174716,402,86,124,419,131,445,-54,-61,-48,-64
20171126174717,401,88,120,416,131,443,-54,-61,-48,-64
20171126174717,400,86,122,414,129,440,-54,-61,-45,-64
20171126174718,403,80,127,416,124,439,-54,-61,-44,-68
20171126174719,404,81,124,416,122,439,-54,-61,-44,-68
20171126174720,399,85,122,412,129,439,-54,-61,-43,-68
20171126174720,402,79,129,416,124,443,-54,-61,-43,-67
20171126174722,403,80,127,416,124,443,-55,-61,-44,-67
20171126174723,400,83,124,414,127,440,-55,-61,-44,-67
20171126174723,400,79,131,416,127,440,-55,-61,-43,-67
20171126174724,405,84,122,419,124,0,-55,-61,-44,0
20171126174725,401,79,127,412,122,440,-54,-61,-44,-68
20171126174725,403,81,124,414,122,439,-54,-61,-44,-68
20171126174726,403,80,127,416,124,439,-54,-61,-44,-68
20171126174726,405,78,129,419,122,440,-54,-61,-43,-68
20171126174727,402,76,129,412,120,440,-57,-61,-44,-68
20171126174728,399,85,124,414,131,436,-57,-61,-44,-68
20171126174728,388,112,113,421,164,434,-55,-61,-46,-60
20171126174730,412,101,98,423,124,432,-58,-61,-45,-67
20171126174730,409,103,100,423,131,436,-55,-61,-45,-67
20171126174731,409,101,100,421,127,427,-55,-64,-46,-70
20171126174732,411,102,98,423,127,427,-54,-64,-46,-70
20171126174733,407,105,98,421,133,427,-54,-64,-46,-70
20171126174733,410,103,100,425,131,430,-54,-64,-46,-70
20171126174734,413,106,96,427,131,434,-54,-64,-49,-63
20171126174734,407,105,98,421,133,430,-57,-62,-47,-62
20171126174735,408,104,100,423,133,427,-57,-62,-47,-62
20171126174736,411,104,98,425,131,432,-57,-62,-47,-63
20171126174737,405,104,96,416,131,425,-57,-59,-47,-62
20171126174737,405,102,102,419,133,430,-57,-59,-47,-62
20171126174738,412,104,100,427,131,430,-57,-59,-47,-61
20171126174739,408,102,100,421,131,434,-57,-59,-47,-61
20171126174739,408,104,100,423,133,430,-57,-59,-47,-61
20171126174741,410,102,98,421,127,425,-58,-59,-47,-61
20171126174741,408,102,98,419,127,430,-58,-59,-47,-61
20171126174745,374,107,116,399,164,401,-11,-53,-50,-58
20171126174746,374,111,113,399,166,405,-11,-56,-54,-67
20171126174747,376,111,111,399,164,403,-11,-53,-53,-67
20171126174747,374,112,111,399,166,403,-11,-53,-53,-67
20171126174748,378,111,111,403,164,401,-11,-58,-53,-67
20171126174748,374,115,109,399,168,403,-11,-58,-53,-67
20171126174749,377,111,111,401,164,405,-11,-58,-53,-66
20171126174750,378,110,111,401,162,401,-11,-58,-53,-66
20171126174750,374,114,111,401,168,403,-11,-58,-55,-68
20171126174751,374,111,113,399,166,403,-11,-58,-55,-68
20171126174751,374,109,111,394,162,403,-11,-58,-50,-63
20171126174752,374,110,111,397,164,399,-11,-52,-54,-63
20171126174753,371,108,118,397,168,403,-11,-52,-54,-62
20171126174753,377,109,111,399,162,403,-11,-52,-54,-62
20171126174754,374,110,111,397,164,403,-11,-57,-54,-62
20171126174755,375,112,109,397,164,403,-11,-52,-54,-62
20171126174755,375,104,118,399,162,405,-14,-52,-52,-62
20171126174756,371,113,111,394,168,392,-11,-52,-52,-63
20171126174756,352,118,120,379,186,392,-11,-52,-52,-63
20171126174757,341,136,122,379,205,388,-42,-61,-52,-65
20171126174758,348,114,124,372,186,0,-42,-61,-52,0
20171126174758,348,115,127,377,188,390,-33,-57,-52,-65
20171126174759,347,108,131,372,184,0,-44,-61,-56,0
20171126174800,348,105,136,377,184,386,-44,-63,-53,-64
20171126174801,348,110,131,377,186,388,-44,-63,-53,-64
20171126174801,352,109,127,377,181,397,-47,-63,-53,-56
20171126174802,353,118,122,384,186,392,-47,-63,-53,-56
20171126174802,352,112,122,375,181,388,-44,-56,-53,-65
20171126174803,355,113,122,381,181,386,-44,-56,-53,-65
20171126174804,353,111,124,377,181,388,-44,-56,-53,-65
20171126174804,349,112,129,377,186,390,-44,-56,-53,-65
20171126174805,341,112,131,366,190,388,-42,-59,-60,-69
20171126174807,346,109,131,372,186,390,-44,-54,-63,-66
20171126174807,347,108,131,372,184,388,-18,-54,-63,-56
20171126174808,346,108,133,372,186,388,-18,-53,-63,-56
20171126174809,343,113,131,371,190,388,-38,-54,-55,-56
20171126174809,348,109,133,377,186,390,-44,-54,-55,-56
20171126174810,346,110,133,375,188,388,-44,-54,-55,-58
20171126174811,338,123,133,375,201,377,-44,-53,-55,-58
20171126174812,317,118,151,350,214,359,-44,-53,-55,-58
20171126174812,310,115,159,344,219,350,-49,-57,-55,-58
20171126174813,304,114,166,340,223,346,-49,-57,-55,-54
20171126174813,308,114,159,340,219,348,-49,-58,-55,-51
20171126174814,304,109,166,335,221,353,-49,-58,-55,-51
20171126174815,304,114,164,337,223,348,-49,-58,-58,-52
20171126174815,301,116,164,333,226,353,-49,-58,-58,-52
20171126174816,302,118,164,337,226,348,-45,-56,-56,-52
20171126174817,303,112,166,335,223,346,-45,-56,-56,-52
20171126174818,303,112,166,335,223,350,-45,-56,-56,-52
20171126174818,302,118,162,335,226,344,-46,-56,-56,-52
20171126174819,299,112,168,331,226,348,-46,-56,-57,-54
20171126174820,298,120,166,333,230,346,-44,-56,-57,-54
20171126174820,297,117,168,331,230,348,-95,-56,-57,-54
20171126174821,298,121,164,333,230,348,-46,-55,-57,-54
20171126174821,299,113,171,335,227,350,-46,-55,-57,-54
20171126174822,300,114,171,337,227,346,-45,-55,-57,-54
20171126174823,300,116,166,333,227,346,-44,-57,-57,-56
20171126174824,294,118,168,326,232,348,-44,-61,-57,-55
20171126174824,292,106,179,324,230,337,-44,-61,-57,-55
20171126174825,276,106,190,307,243,324,-44,-61,-57,-53
20171126174826,268,123,192,307,256,322,-51,-63,-57,-53
20171126174826,271,109,197,307,249,320,-51,-63,-57,-65
20171126174827,262,130,195,304,263,320,-50,-63,-53,-57
20171126174827,262,123,201,304,261,326,-50,-63,-53,-57
20171126174828,264,120,195,300,258,318,-50,-63,-53,-56
20171126174829,268,118,195,307,254,320,-47,-63,-53,-58
20171126174829,262,129,199,307,263,322,-46,-63,-53,-58
20171126174830,264,120,195,300,258,318,-46,-63,-53,-58
20171126174830,267,115,197,304,254,326,-46,-63,-53,-58
20171126174831,265,115,199,302,256,320,-46,-63,-53,-56
20171126174832,268,110,199,304,252,320,-46,-64,-55,-56
20171126174832,262,130,195,304,263,326,-47,-64,-55,-56
20171126174833,262,124,192,298,261,322,-47,-64,-53,-57
20171126174834,270,101,199,300,247,322,-47,-64,-53,-57
20171126174834,263,125,197,304,261,322,-47,-64,-53,-57
20171126174835,268,112,197,304,252,320,-47,-64,-53,-57
20171126174836,261,127,199,304,263,324,-50,-64,-53,-57
20171126174837,266,107,199,298,252,322,-50,-62,-53,-56
20171126174837,270,101,199,300,247,318,-50,-62,-53,-56
20171126174838,255,103,212,287,261,307,-50,-62,-55,-58
20171126174838,252,100,217,285,263,302,-49,-62,-60,-58
20171126174839,253,87,219,278,258,302,-51,-58,-60,-63
20171126174840,252,92,219,280,261,295,-51,-59,-59,-62
20171126174840,253,83,223,280,258,300,-51,-60,-59,-62
20171126174841,254,79,223,278,256,302,-50,-60,-59,-62
20171126174841,251,77,226,274,258,298,-47,-62,-59,-63
20171126174842,250,87,223,278,261,298,-50,-62,-60,-63
20171126174843,250,87,223,278,261,298,-50,-62,-60,-61
20171126174843,250,90,219,276,261,298,-50,-62,-60,-61
20171126174844,249,90,223,278,263,300,-50,-62,-60,-61
20171126174844,250,86,223,276,261,295,-49,-62,-60,-61
20171126174845,250,94,219,278,263,291,-49,-62,-60,-61
20171126174846,248,95,223,280,265,295,-52,-62,-60,-61
20171126174846,248,86,226,276,263,298,-52,-62,-61,-60
20171126174847,251,91,219,278,261,298,-52,-60,-61,-60
20171126174848,250,88,221,276,261,298,-52,-61,-61,-61
20171126174848,252,78,226,278,258,300,-52,-61,-61,-61
20171126174849,249,91,221,276,263,295,-52,-61,-61,-60
20171126174849,249,91,221,276,263,298,-51,-61,-61,-60
20171126174850,250,93,221,280,263,298,-49,-61,-61,-60
20171126174851,249,86,226,278,263,302,-49,-61,-61,-62
20171126174851,234,86,239,263,276,294,-48,-59,-61,-62
20171126174852,212,83,258,239,295,269,-47,-57,-58,-54
20171126174853,206,91,263,239,302,265,-47,-57,-58,-54
20171126174854,210,87,261,241,298,267,-45,-55,-58,-60
20171126174854,212,76,263,239,295,267,-45,-57,-58,-63
20171126174856,215,71,261,239,291,267,-45,-57,-59,-62
20171126174856,212,74,263,239,294,269,-47,-57,-59,-68
20171126174857,211,65,267,234,294,265,-52,-55,-59,-55
20171126174857,211,65,267,234,294,261,-45,-53,-59,-55
20171126174858,210,70,265,234,295,258,-47,-53,-59,-55
20171126174859,211,68,267,236,295,269,-47,-53,-63,-55
20171126174859,211,68,265,234,294,265,-47,-56,-63,-57
20171126174900,212,66,267,236,294,265,-47,-56,-63,-57
20171126174900,217,67,261,239,289,263,-46,-58,-63,-60
20171126174901,212,71,265,239,294,265,-48,-56,-63,-60
20171126174902,213,77,261,239,294,265,-47,-58,-63,-60
20171126174902,214,69,261,236,291,267,-47,-59,-61,-62
20171126174903,214,81,261,245,294,269,-46,-59,-61,-62
20171126174903,217,71,263,245,291,263,-46,-60,-61,-63
20171126174904,212,74,263,239,294,265,-46,-62,-61,-66
20171126174905,207,82,265,236,300,269,-46,-58,-79,-66
20171126174905,196,102,267,232,313,263,-47,-53,-79,-53
20171126174906,181,102,278,217,326,252,-47,-53,-61,-53
20171126174906,183,95,276,212,324,245,-47,-50,-61,-53
20171126174907,183,89,285,217,322,241,-57,-55,-61,-59
20171126174908,182,98,282,219,324,239,-57,-55,-61,-59
20171126174908,184,77,287,212,320,247,-51,-55,-61,-64
20171126174909,347,-26,287,217,0,0,-51,-53,0,0
20171126174910,187,80,285,217,318,245,-55,-54,-61,-64
20171126174911,186,72,287,212,318,243,-56,-54,-61,-64
20171126174911,184,81,282,210,320,245,-59,-55,-61,-55
20171126174912,176,103,285,214,331,247,-59,-52,-61,-55
20171126174913,137,179,282,219,408,249,-59,-52,-61,-61
20171126174913,136,172,285,214,405,249,-59,-50,-61,-58
20171126174914,147,157,285,214,381,254,-59,-54,-61,-58
20171126174914,172,121,280,217,340,252,-51,-53,-61,-56
20171126174915,132,172,287,210,410,256,-51,-53,-61,-56
20171126174916,166,113,291,210,342,247,-50,-53,-61,-64
20171126174917,167,123,280,212,346,249,-50,-50,-56,-64
20171126174917,152,149,285,214,371,245,-50,-49,-56,-61
20171126174918,158,136,285,212,359,245,-50,-49,-56,-61
20171126174919,143,163,282,212,392,243,-50,-51,-56,-58
20171126174919,137,154,294,205,390,239,-50,-51,-57,-58
20171126174920,157,94,309,195,346,223,-52,-51,-57,-53
20171126174920,138,112,324,190,364,219,-52,-51,-57,-55
20171126174921,138,107,324,186,364,219,-52,-51,-70,-55
20171126174922,142,102,322,188,359,226,-52,-51,-64,-56
20171126174922,137,103,326,184,364,219,-52,-51,-62,-57
20171126174923,139,105,320,184,364,221,-52,-51,-62,-57
20171126174923,139,101,320,181,364,223,-52,-58,-62,-56
20171126174924,140,98,320,181,362,217,-52,-62,-62,-57
20171126174925,140,107,322,188,362,223,-52,-62,-62,-57
20171126174925,139,107,322,186,364,217,-52,-54,-62,-57
20171126174926,140,112,320,190,364,221,-52,-56,-63,-57
20171126174927,137,107,322,184,366,221,-52,-56,-63,-57
20171126174928,143,100,320,186,359,221,-52,-56,-62,-57
20171126174928,140,107,322,188,362,221,-52,-56,-62,-57
20171126174929,143,98,318,184,359,219,-52,-55,-62,-57
20171126174930,139,115,318,190,366,221,-52,-56,-64,-57
20171126174930,140,107,322,188,362,219,-52,-56,-64,-57
20171126174931,148,86,320,184,353,219,-52,-56,-64,-54
20171126174931,146,90,320,184,355,223,-51,-58,-64,-54
20171126174932,147,97,318,188,355,226,-51,-58,-64,-52
20171126174933,141,102,320,184,362,221,-51,-60,-64,-52
20171126174933,132,105,326,177,371,221,-59,-60,-64,-54
20171126174934,105,121,344,166,401,217,-59,-59,-64,-54
20171126174934,96,131,348,166,414,197,-53,-56,-64,-54
20171126174935,90,139,350,168,423,195,-47,-51,-64,-54
20171126174936,94,132,350,166,416,199,-47,-50,-64,-54
20171126174936,95,137,350,171,416,199,-50,-50,-64,-54
20171126174937,91,134,353,166,419,195,-50,-50,-57,-58
20171126174937,96,133,348,168,414,197,-50,-50,-57,-58
20171126174938,96,133,348,168,414,199,-51,-52,-56,-54
20171126174939,97,128,348,164,412,197,-51,-52,-56,-58
20171126174939,100,133,346,171,410,199,-51,-51,-56,-54
20171126174940,102,122,346,164,405,201,-52,-52,-56,-54
20171126174941,94,133,353,168,414,201,-50,-53,-57,-54
20171126174941,98,128,348,166,410,199,-50,-50,-57,-54
20171126174942,100,133,346,171,410,204,-50,-51,-59,-54
20171126174942,98,128,348,166,410,201,-50,-53,-59,-54
20171126174943,95,127,353,164,412,201,-61,-49,-59,-53
20171126174944,95,129,353,166,412,204,-61,-54,-59,-53
20171126174944,97,126,350,164,410,201,-61,-53,-59,-53
20171126174945,94,130,350,164,416,197,-59,-53,-59,-53
20171126174945,95,131,353,168,412,204,-59,-49,-61,-53
20171126174946,94,131,353,166,414,201,-59,-49,-61,-53
20171126174947,96,124,348,159,414,195,-59,-49,-61,-53
20171126174947,90,119,353,151,419,201,-59,-46,-61,-53
20171126174948,48,115,419,137,439,184,-54,-49,-61,-51
20171126174948,65,125,375,142,445,179,-54,-50,-57,-51
20171126174949,64,120,377,137,445,184,-53,-50,-56,-51
20171126174950,60,131,375,144,454,177,-53,-50,-56,-51
20171126174950,59,130,375,142,456,181,-53,-49,-56,-51
20171126174951,59,130,375,142,456,181,-53,-49,-57,-51
20171126174952,59,132,375,144,456,186,-51,-50,-56,-51
20171126174953,54,133,379,142,462,177,-51,-50,-55,-59
20171126174954,55,129,381,140,458,184,-52,-50,-55,-59
20171126174956,49,132,384,140,467,184,-53,-50,-55,-58
20171126174956,51,133,381,140,467,179,-53,-50,-60,-58
20171126174958,53,134,381,144,462,173,-54,-48,-54,-56
20171126174959,53,136,379,144,465,175,-54,-49,-54,-56
20171126175000,41,138,384,140,482,175,-54,-49,-61,-55
20171126175001,41,143,379,142,489,175,-54,-58,-61,-55
20171126175002,51,139,386,149,462,168,-53,-52,-56,-57
20171126175003,45,159,390,166,474,179,-53,-52,-56,-54
20171126175003,38,147,397,153,478,181,-53,-53,-58,-53
20171126175004,41,152,392,158,478,179,-53,-50,-58,-53
20171126175004,37,160,390,162,489,177,-53,-50,-58,-54
20171126175005,35,151,394,153,487,173,-49,-54,-58,-54
20171126175006,32,154,394,155,493,175,-46,-65,-64,-58
20171126175007,48,145,399,158,458,177,-46,-65,-59,-56
20171126175008,30,151,397,151,495,179,-48,-56,-59,-56
20171126175009,25,19,397,0,489,177,-47,0,-59,-56
20171126175009,32,151,403,155,484,181,-46,-56,-59,-56
20171126175010,33,154,394,155,491,175,-46,-56,-59,-57
20171126175010,35,152,394,155,487,173,-46,-63,-59,-55
20171126175011,31,157,397,158,493,177,-46,-63,-59,-55
20171126175012,36,149,397,153,482,179,-47,-63,-59,-56
20171126175013,35,154,401,159,482,184,-47,-63,-59,-57
20171126175014,35,150,401,155,480,181,-46,-63,-59,-57
20171126175015,34,147,399,151,484,181,-46,-63,-59,-57
20171126175015,35,152,394,155,487,177,-48,-63,-59,-57
20171126175016,36,174,394,177,491,164,-48,-57,-59,-54
20171126175016,79,168,379,197,425,149,-48,-57,-59,-50
20171126175017,79,163,384,195,419,144,-48,-56,-59,-50
20171126175018,62,181,377,195,460,149,-55,-55,-59,-53
20171126175018,62,180,384,197,454,149,-55,-52,-59,-53
20171126175019,66,181,375,197,456,149,-55,-52,-55,-53
20171126175020,82,160,384,195,414,146,-55,-56,-55,-54
20171126175020,85,161,375,195,416,153,-55,-63,-55,-56
20171126175021,53,190,375,197,482,151,-50,-53,-59,-53
20171126175022,45,186,377,188,495,149,-50,-53,-59,-53
20171126175023,65,178,379,195,452,153,-50,-53,-59,-53
20171126175023,62,176,381,192,456,153,-50,-53,-59,-53
20171126175024,54,189,377,197,478,149,-50,-53,-59,-52
20171126175024,67,181,372,197,456,153,-53,-54,-56,-52
20171126175025,82,166,377,197,421,153,-53,-50,-56,-52
20171126175026,53,187,379,195,478,158,-53,-53,-56,-52
20171126175026,56,187,375,195,476,153,-51,-50,-56,-52
20171126175027,53,190,375,197,482,151,-51,-50,-56,-52
20171126175028,52,188,379,195,480,149,-51,-53,-58,-54
20171126175028,61,175,405,201,434,151,-51,-53,-69,-57
20171126175029,44,191,377,192,498,136,-51,-54,-69,-58
20171126175029,42,216,381,217,508,124,-54,-54,-69,-49
20171126175030,39,214,390,217,504,120,-54,-51,-64,-49
20171126175031,36,213,388,214,511,127,-54,-51,-64,-49
20171126175031,33,209,392,210,511,120,-54,-55,-55,-47
20171126175032,46,195,386,201,487,124,-54,-53,-55,-47
20171126175032,35,204,390,205,508,120,-54,-53,-55,-48
20171126175033,44,202,390,208,489,124,-54,-51,-54,-48
20171126175034,54,195,384,205,474,124,-54,-55,-54,-48
20171126175034,38,204,384,204,508,124,-51,-51,-55,-48
20171126175035,40,214,388,217,504,122,-51,-51,-55,-49
20171126175036,39,214,384,214,511,122,-51,-51,-55,-49
20171126175038,54,193,386,205,471,124,-51,-51,-54,-48
20171126175038,46,199,386,205,489,124,-51,-51,-54,-48
20171126175039,39,215,388,217,507,122,-51,-51,-62,-48
20171126175040,57,197,384,210,469,127,-51,-51,-62,-48
20171126175040,38,208,390,210,504,122,-52,-51,-62,-47
20171126175041,342,-64,377,226,0,0,-52,-54,0,0
20171126175042,76,201,346,212,471,137,-52,-55,-62,-47
20171126175042,81,198,344,212,462,155,-52,-55,-62,-53
20171126175043,87,189,329,201,462,151,-52,-57,-61,-62
20171126175044,86,186,331,199,460,153,-60,-57,-61,-62
20171126175045,92,183,326,199,452,151,-60,-54,-61,-57
20171126175045,94,181,326,199,449,151,-60,-54,-61,-63
20171126175046,78,181,353,197,454,149,-60,-54,-61,-63
20171126175046,48,185,414,204,452,151,-53,-54,-59,-57
20171126175047,50,178,414,199,447,155,-54,-54,-66,-57
20171126175048,53,175,412,197,443,151,-54,-54,-59,-58
20171126175048,52,184,410,204,449,149,-54,-54,-59,-58
20171126175049,52,182,414,204,445,144,-54,-53,-59,-62
20171126175050,53,177,405,197,449,151,-54,-53,-59,-61
20171126175051,53,178,408,199,447,146,-54,-54,-64,-60
20171126175052,94,184,324,201,452,151,-55,-54,-64,-60
20171126175053,49,181,414,201,449,144,-55,-54,-64,-57
20171126175053,48,182,414,201,452,151,-55,-54,-64,-57
20171126175054,97,187,318,204,452,146,-55,-55,-57,-56
20171126175055,96,194,324,212,452,164,-55,-64,-57,-56
20171126175056,101,198,337,226,432,181,-55,-50,-57,-56
20171126175056,119,195,300,223,432,188,-55,-52,-57,-56
20171126175058,120,180,333,227,397,188,-59,-50,-57,-53
20171126175059,114,188,333,227,410,186,-59,-47,-57,-53
20171126175059,112,191,331,227,416,188,-59,-53,-57,-63
20171126175100,100,193,353,227,419,184,-59,-54,-57,-63
20171126175100,101,192,357,230,412,184,-59,-54,-57,-63
20171126175101,123,191,294,221,427,186,-59,-54,-54,-63
20171126175102,108,189,335,223,419,190,-56,-54,-54,-66
20171126175103,82,197,377,226,430,188,-56,-54,-54,-63
20171126175103,93,180,377,221,405,188,-56,-54,-65,-70
20171126175104,90,194,377,230,414,184,-56,-47,-53,-70
20171126175105,97,183,377,227,399,188,-56,-47,-53,-70
20171126175105,92,192,377,230,410,184,-56,-47,-53,-70
20171126175106,93,193,379,232,408,188,-56,-47,-53,-70
20171126175107,84,196,379,227,425,181,-56,-47,-53,-70
20171126175107,125,187,316,230,405,190,-56,-47,-53,-70
20171126175108,124,189,350,247,379,204,-56,-54,-57,-55
20171126175108,123,185,359,247,372,219,-56,-53,-57,-56
20171126175109,129,185,355,252,366,214,-57,-53,-53,-56
20171126175110,133,189,348,256,366,217,-57,-52,-53,-57
20171126175110,139,190,337,258,366,217,-57,-57,-53,-63
20171126175111,133,192,344,256,371,217,-57,-55,-53,-61
20171126175111,135,189,346,258,364,212,-57,-55,-53,-60
20171126175112,133,195,342,258,372,219,-57,-58,-53,-65
20171126175113,133,190,342,254,371,217,-57,-58,-53,-59
20171126175114,135,188,342,254,368,214,-57,-53,-53,-59
20171126175116,135,187,346,256,364,217,-53,-59,-52,-59
20171126175116,137,186,340,254,366,219,-53,-59,-52,-59
20171126175117,136,188,342,256,366,221,-53,-59,-52,-59
20171126175118,136,187,344,256,364,217,-53,-59,-65,-59
20171126175118,137,186,344,256,362,219,-53,-59,-65,-59
20171126175119,136,186,346,256,362,219,-53,-57,-65,-59
20171126175119,135,189,344,256,366,223,-53,-57,-62,-60
20171126175121,159,198,311,274,357,241,-53,-56,-53,-67
20171126175121,213,187,219,285,335,249,-49,-47,-53,-58
20171126175122,195,198,249,285,348,245,-49,-48,-55,-58
20171126175122,170,195,304,282,344,249,-49,-52,-55,-52
20171126175123,172,196,298,282,346,245,-49,-49,-55,-52
20171126175124,173,199,298,285,346,249,-49,-49,-64,-52
20171126175124,172,205,300,289,348,247,-49,-48,-64,-52
20171126175125,165,208,304,285,357,243,-49,-47,-64,-55
20171126175125,171,205,302,289,348,243,-49,-48,-64,-55
20171126175127,171,203,300,287,348,245,-49,-48,-64,-53
20171126175127,168,196,304,280,348,243,-49,-49,-60,-53
20171126175129,172,199,300,285,346,249,-48,-48,-60,-54
20171126175130,167,198,304,280,350,243,-48,-48,-60,-54
20171126175131,173,194,298,282,344,245,-49,-47,-60,-57
20171126175132,172,204,302,289,346,249,-48,-48,-60,-57
20171126175132,168,203,304,285,350,245,-48,-48,-60,-55
20171126175133,168,209,304,289,353,245,-48,-47,-60,-57
20171126175133,216,189,227,295,326,252,-48,-47,-60,-57
20171126175134,233,176,210,300,307,269,-48,-49,-60,-66
20171126175135,232,174,208,295,309,274,-48,-58,-60,-58
20171126175135,234,166,210,295,302,274,-49,-58,-60,-58
20171126175136,213,178,256,302,309,274,-49,-54,-60,-67
20171126175137,225,177,230,302,307,274,-49,-59,-53,-63
20171126175138,228,183,221,304,311,282,-49,-59,-53,-61
20171126175138,229,177,210,295,313,278,-49,-57,-53,-61
20171126175139,224,177,232,302,307,278,-49,-57,-54,-64
20171126175139,225,181,226,302,311,274,-49,-57,-54,-64
20171126175141,225,179,226,300,311,276,-48,-62,-56,-64
20171126175141,206,179,265,298,313,274,-48,-61,-53,-64
20171126175142,213,179,252,300,311,276,-48,-60,-53,-64
20171126175142,210,183,263,304,311,276,-50,-61,-53,-70
20171126175144,230,176,217,300,307,274,-50,-61,-53,-70
20171126175144,224,181,232,304,309,272,-50,-61,-53,-70
20171126175145,224,184,234,307,309,276,-47,-61,-53,-70
20171126175146,219,190,245,311,311,274,-47,-62,-53,-70
20171126175146,234,182,212,307,307,274,-45,-62,-53,-70
20171126175148,259,173,186,320,285,309,-53,-54,-53,-56
20171126175149,264,169,177,320,280,311,-54,-47,-53,-56
20171126175150,261,171,188,324,280,311,-54,-47,-53,-56
20171126175151,261,171,188,324,280,311,-54,-49,-53,-56
20171126175152,263,170,181,322,280,309,-62,-49,-52,-56
20171126175152,262,169,179,318,282,311,-62,-47,-52,-57
20171126175153,262,173,186,326,280,309,-62,-47,-52,-58
20171126175153,258,177,186,322,287,309,-61,-47,-52,-58
20171126175154,261,172,184,322,282,311,-58,-50,-55,-58
20171126175155,262,167,186,322,278,313,-58,-47,-55,-58
20171126175155,259,177,184,322,287,313,-58,-47,-55,-59
20171126175156,261,175,181,322,285,311,-61,-49,-55,-59
20171126175156,260,171,186,322,282,307,-61,-48,-55,-58
20171126175157,260,168,184,318,282,309,-61,-48,-55,-58
20171126175158,257,179,186,322,289,309,-61,-47,-55,-58
20171126175159,261,170,184,320,282,313,-61,-47,-52,-62
20171126175200,261,173,186,324,282,311,-61,-58,-52,-62
20171126175200,261,172,184,322,282,309,-60,-49,-52,-62
20171126175201,265,164,181,320,276,311,-60,-49,-52,-60
20171126175201,263,167,184,322,278,316,-60,-49,-52,-58
20171126175202,283,166,162,337,263,337,-60,-52,-52,-58
20171126175203,293,150,158,340,247,340,-60,-52,-52,-62
20171126175203,299,156,153,350,245,337,-60,-52,-52,-71
20171126175204,296,155,153,344,247,340,-60,-52,-56,-71
20171126175204,297,152,151,342,245,340,-60,-52,-56,-61
20171126175205,294,151,155,340,247,340,-60,-53,-56,-61
20171126175206,294,156,155,344,249,337,-45,-53,-55,-61
20171126175206,294,161,155,346,252,342,-45,-53,-55,-60
20171126175207,293,156,159,346,249,342,-44,-53,-57,-59
20171126175207,294,154,159,346,247,337,-44,-53,-57,-59
20171126175208,290,158,162,344,252,342,-45,-52,-56,-58
20171126175209,290,156,162,342,252,342,-45,-52,-56,-58
20171126175209,293,152,162,346,247,337,-45,-52,-56,-58
20171126175210,292,154,159,342,249,342,-45,-52,-56,-58
20171126175211,289,157,164,344,252,337,-45,-52,-60,-58
20171126175211,293,155,159,344,249,342,-45,-52,-58,-60
20171126175212,293,150,158,340,247,337,-45,-52,-58,-60
20171126175212,291,152,162,342,249,335,-45,-52,-58,-61
20171126175213,293,156,159,346,249,340,-45,-52,-55,-61
20171126175214,295,150,158,344,245,337,-44,-52,-55,-63
20171126175214,297,152,153,344,245,342,-44,-51,-55,-60
20171126175215,296,160,153,348,249,342,-44,-52,-55,-60
20171126175215,306,158,146,357,241,344,-43,-52,-55,-60
20171126175216,324,148,131,368,223,350,-43,-47,-55,-74
20171126175217,328,150,124,371,221,357,-44,-53,-55,-62
20171126175217,332,147,124,375,217,355,-44,-49,-55,-62
20171126175218,329,147,122,368,219,350,-41,-48,-55,-62
20171126175218,326,151,124,368,223,355,-41,-50,-55,-59
20171126175219,326,150,129,372,223,350,-44,-50,-49,-59
20171126175220,325,149,131,372,223,346,-42,-49,-49,-59
20171126175220,325,149,131,372,223,0,-42,-47,-49,0
20171126175221,326,146,131,371,221,353,-42,-48,-49,-57
20171126175222,327,148,127,371,221,348,-42,-48,-49,-57
20171126175222,323,143,131,364,221,353,-42,-49,-49,-57
20171126175223,326,146,129,368,221,350,-42,-49,-50,-57
20171126175223,331,140,127,371,214,353,-41,-49,-49,-57
20171126175224,328,146,124,368,219,353,-41,-49,-49,-57
20171126175225,328,153,124,372,223,353,-41,-47,-49,-71
20171126175226,327,151,127,372,223,353,-40,-49,-48,-57
20171126175226,327,149,124,368,221,353,-41,-49,-48,-57
20171126175227,328,150,124,371,221,348,-42,-49,-49,-57
20171126175228,331,149,120,371,219,355,-41,-47,-49,-57
20171126175228,329,154,120,371,223,357,-42,-49,-48,-56
20171126175229,330,155,118,372,223,357,-45,-49,-49,-58
20171126175229,343,152,105,381,212,368,-11,-51,-50,-58
20171126175230,363,147,96,403,197,392,-11,-51,-50,-58
20171126175231,373,147,85,408,190,403,-13,-51,-54,-58
20171126175231,370,145,87,403,190,403,-13,-51,-54,-58
20171126175232,371,146,87,405,190,403,-14,-51,-54,-58
20171126175233,370,146,85,403,190,405,-45,-51,-59,-58
20171126175233,371,146,87,405,190,405,-44,-51,-59,-58
20171126175234,367,155,87,408,199,403,-44,-51,-59,-58
20171126175234,368,152,83,403,195,408,-44,-63,-59,-58
20171126175235,371,147,85,405,190,403,-44,-63,-57,-58
20171126175236,376,144,85,410,186,405,-44,-63,-57,-58
20171126175236,369,147,87,403,192,405,-44,-63,-58,-58
20171126175237,372,150,83,408,192,405,-44,-63,-58,-66
20171126175237,369,153,87,410,197,405,-44,-63,-58,-66
20171126175238,369,146,85,401,190,403,-44,-65,-57,-66
20171126175239,373,142,87,405,186,405,-44,-65,-57,-66
20171126175239,371,147,85,405,190,408,-44,-65,-57,-66
20171126175240,370,145,87,403,190,401,-44,-66,-57,-65
20171126175240,371,147,85,405,190,403,-45,-66,-57,-65
20171126175241,369,151,87,408,195,405,-42,-66,-57,-65
20171126175242,369,144,89,403,190,405,-42,-64,-57,-65
20171126175242,372,148,83,405,190,405,-45,-64,-57,-66
20171126175244,389,148,68,419,179,419,-45,-58,-55,-65
20171126175244,395,146,68,425,175,419,-13,-58,-52,-65
20171126175245,394,149,65,423,177,427,-13,-58,-52,-65
20171126175245,389,150,68,421,181,425,-11,-63,-52,-65
20171126175246,397,147,69,430,177,421,-11,-63,-52,-64
20171126175247,392,147,68,421,177,423,-11,-63,-52,-64
20171126175248,394,147,69,425,177,419,-11,-63,-52,-66
20171126175248,393,146,68,421,175,430,-11,-58,-52,-66
20171126175249,394,147,69,425,177,421,-11,-58,-52,-68
20171126175250,397,144,69,427,173,427,-11,-60,-52,-67
20171126175251,394,145,69,423,175,432,-11,-59,-50,-66
20171126175251,393,148,69,425,179,427,-11,-60,-50,-66
20171126175252,392,144,72,421,175,430,-11,-60,-50,-65
20171126175253,393,144,69,421,173,425,-11,-59,-50,-65
20171126175254,389,150,69,421,181,425,-11,-58,-52,-65
20171126175255,391,148,69,423,179,419,-11,-58,-54,-64
20171126175256,387,147,69,416,179,421,-11,-59,-49,-64
20171126175256,406,131,87,439,166,410,-11,-59,-49,-64
20171126175257,403,123,100,439,166,419,-48,-59,-49,-64
20171126175258,407,138,76,439,168,419,-45,-55,-53,-64
20171126175258,415,134,76,443,159,423,-46,-53,-53,-64
20171126175259,411,137,68,436,159,432,-47,-55,-53,-64
20171126175259,412,141,65,439,162,430,-47,-56,-48,-64
20171126175300,409,141,69,439,166,423,-47,-56,-46,-64
20171126175301,406,141,69,434,166,421,-47,-56,-49,-66
20171126175301,413,146,63,443,168,421,-47,-61,-49,-66
20171126175302,413,152,54,443,171,419,-47,-61,-49,-64
20171126175302,418,147,59,447,166,416,-44,-53,-49,-66
20171126175303,411,152,54,440,171,414,-44,-53,-49,-66
20171126175304,413,151,52,440,168,416,-48,-53,-55,-67
20171126175304,415,152,50,443,168,421,-42,-54,-51,-67
20171126175305,410,152,54,439,171,414,-42,-59,-51,-65
20171126175305,413,152,54,443,171,419,-32,-59,-51,-70
20171126175306,412,153,54,443,173,421,-42,-59,-51,-70
20171126175307,408,150,59,439,173,416,-42,-59,-51,-70
20171126175307,413,148,59,443,168,421,-43,-61,-51,-70
20171126175308,417,148,56,445,166,421,-43,-58,-51,-70
20171126175309,419,146,56,445,162,416,-43,-58,-51,-70
20171126175309,412,153,54,443,173,416,-47,-61,-54,-70
20171126175310,413,152,54,443,171,414,-43,-61,-54,-70
20171126175311,407,199,28,456,212,408,-11,-59,-52,-65
20171126175312,406,213,30,460,226,408,-11,-59,-52,-65
20171126175312,406,215,32,462,226,401,-11,-56,-52,-59
20171126175313,407,213,28,460,226,401,-11,-66,-50,-59
20171126175313,408,217,28,462,230,405,-11,-66,-56,-66
20171126175314,405,216,28,458,232,405,-11,-66,-56,-66
20171126175315,403,212,30,456,227,401,-11,-55,-56,-64
20171126175316,411,216,26,465,227,405,-11,-56,-64,-64
20171126175316,413,214,21,465,226,408,-11,-57,-64,-64
20171126175317,412,215,19,462,232,408,-11,-57,-56,-64
20171126175318,412,217,23,465,230,403,-11,-56,-56,-64
20171126175318,415,213,21,467,223,408,-11,-56,-56,-64
20171126175319,411,211,23,462,223,401,-11,-57,-56,-64
20171126175319,414,217,26,469,226,401,-11,-57,-56,-64
20171126175320,407,209,26,458,223,403,-11,-56,-56,-64
20171126175321,411,214,28,465,223,405,-11,-59,-56,-68
20171126175321,413,212,23,465,223,403,-11,-59,-56,-68
20171126175323,410,216,28,465,226,403,-11,-57,-56,-68
20171126175323,410,210,23,460,223,401,-11,-57,-56,-68
20171126175324,411,206,23,462,217,403,-11,-57,-56,-68
20171126175324,396,218,39,452,236,405,-11,-57,-56,-68
20171126175325,384,229,68,454,239,449,-11,-58,-56,-68
20171126175327,386,220,56,449,236,423,-11,-65,-55,-63
20171126175327,378,219,68,445,236,386,-11,-65,-59,-63
20171126175328,376,222,69,443,241,381,-11,-62,-59,-63
20171126175329,384,223,61,449,239,388,-45,-62,-71,-63
20171126175329,382,225,69,452,236,386,-45,-60,-71,-63
20171126175331,379,219,69,447,234,384,-51,-58,-71,-63
20171126175332,379,219,68,447,234,386,-51,-60,-71,-60
20171126175332,379,224,69,447,239,386,-51,-60,-62,-59
20171126175333,376,224,68,443,243,386,-51,-60,-62,-59
20171126175333,376,223,76,447,236,377,-47,-60,-62,-59
20171126175334,375,215,72,443,232,386,-49,-60,-62,-64
20171126175335,376,218,69,443,236,384,-49,-60,-62,-64
20171126175335,375,221,72,443,239,381,-49,-57,-64,-64
20171126175336,374,219,69,440,239,390,-49,-57,-64,-64
20171126175337,379,223,68,447,239,386,-52,-57,-64,-67
20171126175337,361,216,85,430,241,371,-52,-59,-64,-62
20171126175339,337,226,109,414,263,333,-11,-58,-68,-59
20171126175340,327,237,129,414,272,337,-11,-58,-68,-59
20171126175340,448,31,140,405,0,0,-11,-58,0,0
20171126175341,323,240,136,414,274,340,-11,-69,-68,-59
20171126175342,325,237,129,412,274,342,-11,-69,-73,-59
20171126175343,327,240,129,416,274,331,-11,-55,-73,-59
20171126175343,327,235,122,410,276,333,-42,-55,-73,-59
20171126175344,329,230,124,412,267,335,-44,-55,-73,-59
20171126175345,321,233,129,405,276,335,-44,-60,-73,-59
20171126175345,321,231,127,403,276,333,-44,-60,-73,-59
20171126175346,324,232,122,405,276,0,-44,-60,-73,0
20171126175346,323,236,127,408,278,335,-42,-60,-73,-67
20171126175347,319,231,131,403,276,337,-42,-60,-73,-63
20171126175347,317,232,136,403,276,331,-44,-67,-73,-63
20171126175348,318,232,133,403,276,335,-44,-67,-73,-63
20171126175349,318,233,131,403,278,329,-43,-67,-65,-64
20171126175350,317,232,136,403,276,337,-44,-67,-65,-67
20171126175351,319,233,133,405,276,326,-44,-67,-65,-66
20171126175351,320,233,131,405,276,329,-44,-67,-65,-66
20171126175352,320,234,129,405,278,333,-45,-64,-63,-66
20171126175352,310,233,144,399,280,322,-49,-64,-68,-63
20171126175353,294,238,153,384,300,307,-49,-64,-68,-63
20171126175354,270,243,195,379,304,282,-49,-64,-57,-69
20171126175354,273,246,179,375,316,278,-41,-64,-75,-69
20171126175355,279,251,171,381,318,280,-48,-57,-61,-63
20171126175355,280,255,175,386,318,280,-48,-59,-61,-70
20171126175356,277,250,177,381,316,280,-48,-59,-61,-72
20171126175357,282,250,171,384,313,282,-48,-60,-61,-72
20171126175357,283,256,171,388,318,282,-48,-60,-63,-72
20171126175358,278,245,175,379,311,280,-48,-58,-63,-66
20171126175358,281,249,168,381,316,282,-48,-58,-63,-66
20171126175359,280,247,171,381,313,287,-13,-58,-63,-70
20171126175400,278,249,171,379,318,287,-46,-60,-68,-70
20171126175400,279,252,175,384,316,282,-14,-56,-68,-70
20171126175401,278,245,175,379,311,287,-14,-55,-68,-70
20171126175402,278,248,177,381,313,285,-14,-63,-68,-70
20171126175402,274,244,179,375,313,285,-14,-56,-68,-70
20171126175403,275,244,179,377,311,280,-14,-56,-68,-66
20171126175403,276,245,175,377,313,282,-46,-56,-68,-68
20171126175404,272,241,179,372,313,278,-46,-55,-59,-64
20171126175405,273,240,179,372,311,285,-41,-56,-59,-69
20171126175406,272,245,175,371,320,282,-47,-55,-59,-69
20171126175406,248,255,208,364,337,265,-47,-55,-59,-69
20171126175408,228,257,239,357,342,247,-42,-55,-59,-59
20171126175409,235,256,223,357,344,252,-44,-55,-59,-59
20171126175409,228,252,230,350,346,254,-44,-57,-59,-59
20171126175410,229,250,221,346,350,256,-44,-57,-59,-59
20171126175411,232,248,221,348,344,261,-44,-59,-59,-59
20171126175411,231,246,221,346,344,258,-44,-59,-57,-59
20171126175412,227,253,230,350,348,261,-11,-59,-64,-59
20171126175412,237,250,210,350,348,261,-43,-62,-64,-59
20171126175413,239,254,208,353,350,256,-43,-62,-64,-59
20171126175414,242,254,205,355,348,254,-43,-57,-64,-59
20171126175415,243,252,201,353,348,256,-43,-57,-58,-59
20171126175416,244,262,204,362,353,254,-44,-57,-58,-59
20171126175416,248,258,201,362,346,256,-44,-57,-57,-59
20171126175417,245,258,201,359,350,254,-44,-57,-57,-59
20171126175417,248,263,199,364,353,254,-50,-59,-57,-59
20171126175419,247,253,197,357,346,254,-50,-63,-55,-65
20171126175419,246,250,201,355,342,254,-45,-54,-55,-65
20171126175420,213,260,252,348,357,239,-49,-57,-55,-65
20171126175420,194,250,261,326,371,230,-49,-57,-55,-65
20171126175421,198,252,256,329,371,227,-49,-59,-55,-59
20171126175422,199,252,247,326,377,226,-49,-59,-57,-61
20171126175423,201,249,247,326,372,227,-49,-58,-57,-61
20171126175425,198,249,249,324,375,221,-52,-61,-52,-60
20171126175425,196,246,254,322,372,226,-51,-61,-54,-60
20171126175426,199,248,249,324,372,226,-51,-61,-54,-61
20171126175427,200,254,254,331,372,221,-51,-61,-54,-61
20171126175428,202,255,252,333,371,230,-52,-62,-61,-61
20171126175430,201,255,254,333,371,227,-52,-63,-63,-60
20171126175430,202,255,247,331,375,227,-53,-63,-62,-59
20171126175431,202,248,245,326,371,223,-53,-63,-62,-59
20171126175431,201,253,247,329,375,227,-53,-63,-62,-57
20171126175432,204,246,243,326,368,227,-50,-57,-53,-57
20171126175433,206,249,243,329,368,226,-50,-57,-53,-57
20171126175433,190,254,261,324,381,219,-50,-61,-54,-57
20171126175434,193,249,234,311,397,204,-49,-66,-54,-57
20171126175435,181,241,252,302,394,195,-49,-66,-51,-59
20171126175435,187,252,243,311,401,195,-51,-54,-53,-63
20171126175436,186,251,252,313,394,192,-60,-53,-53,-61
20171126175436,158,256,298,309,403,192,-60,-53,-52,-61
20171126175437,160,251,289,304,403,197,-60,-52,-52,-62
20171126175438,164,252,289,309,397,197,-60,-52,-55,-62
20171126175438,168,252,280,309,399,192,-60,-52,-55,-62
20171126175439,169,254,280,311,399,197,-60,-52,-56,-59
20171126175440,170,256,280,313,399,201,-60,-52,-56,-61
20171126175441,170,256,280,313,399,201,-60,-51,-57,-61
20171126175442,169,250,282,309,394,199,-60,-52,-55,-60
20171126175444,172,253,274,311,399,197,-60,-53,-56,-60
20171126175444,167,252,282,309,399,197,-60,-53,-57,-61
20171126175445,161,253,289,307,403,199,-60,-53,-57,-61
20171126175445,164,254,291,311,397,197,-60,-53,-57,-60
20171126175446,167,253,285,311,397,195,-60,-57,-58,-60
20171126175447,90,40,280,0,403,190,-60,0,-58,-60
20171126175447,149,262,302,307,419,173,-60,-56,-58,-60
20171126175448,140,252,311,295,419,164,-52,-56,-58,-60
20171126175449,140,250,304,291,423,164,-52,-56,-58,-57
20171126175449,140,256,302,295,430,159,-52,-58,-58,-57
20171126175450,144,253,300,295,423,164,-52,-59,-58,-58
20171126175450,143,255,298,295,427,159,-52,-59,-56,-59
20171126175452,141,249,300,289,425,162,-56,-58,-56,-60
20171126175452,145,257,298,298,425,168,-56,-58,-56,-61
20171126175453,148,251,295,295,419,164,-56,-58,-56,-61
20171126175453,146,254,295,295,425,164,-56,-56,-56,-62
20171126175454,142,255,300,295,427,162,-56,-56,-64,-61
20171126175455,141,256,300,295,430,166,-56,-56,-64,-61
20171126175456,147,259,295,300,427,164,-58,-57,-56,-57
20171126175456,147,258,295,300,425,164,-58,-61,-56,-57
20171126175457,143,256,294,294,432,162,-58,-61,-56,-57
20171126175458,147,256,287,294,432,162,-59,-60,-56,-57
20171126175458,150,252,289,295,421,158,-59,-54,-56,-68
20171126175459,151,251,287,295,421,164,-59,-61,-59,-68
20171126175459,146,259,291,298,432,159,-60,-61,-57,-68
20171126175500,141,250,298,289,427,158,-60,-60,-55,-68
20171126175501,127,261,318,294,440,137,-51,-58,-55,-57
20171126175501,131,251,309,285,436,133,-51,-58,-60,-65
20171126175502,127,250,311,282,439,131,-51,-58,-60,-65
20171126175503,122,254,320,285,443,131,-52,-58,-52,-65
20171126175503,123,250,320,282,439,133,-52,-53,-52,-68
20171126175504,127,250,311,282,439,131,-52,-53,-51,-68
20171126175504,126,251,318,285,436,129,-52,-54,-52,-68
20171126175505,127,258,316,291,440,131,-52,-55,-52,-68
20171126175506,124,253,318,285,440,136,-52,-55,-51,-68
20171126175506,129,248,309,282,436,129,-52,-55,-51,-68
20171126175507,130,247,311,282,432,136,-53,-55,-51,-68
20171126175507,130,244,307,278,434,129,-53,-54,-53,-68
20171126175508,128,247,311,280,436,133,-53,-56,-54,-68
20171126175509,127,250,311,282,439,131,-53,-57,-54,-71
20171126175510,127,251,316,285,436,133,-53,-57,-56,-71
20171126175511,132,248,311,285,430,129,-53,-57,-56,-72
20171126175511,127,250,311,282,440,133,-53,-58,-57,-72
20171126175512,126,255,316,287,440,129,-55,-58,-57,-72
20171126175512,127,253,313,285,440,129,-55,-55,-57,-70
20171126175513,123,281,335,313,447,113,-55,-55,-59,-70
20171126175514,88,228,355,249,454,105,-70,-55,-59,-70
20171126175514,74,225,371,243,462,98,-70,-55,-59,-705
20171126175515,76,229,364,245,467,94,-70,-53,-59,-535
20171126175515,75,221,362,236,467,87,-70,-52,-59,-533
20171126175516,75,225,364,241,467,94,-52,-52,-59,-492
20171126175517,73,222,364,236,469,96,-52,-52,-59,-492
20171126175517,74,226,364,241,469,87,-56,-53,-61,-492
20171126175518,81,228,357,245,465,91,-48,-58,-61,-533
20171126175519,81,227,355,243,467,89,-48,-58,-61,-538
20171126175520,79,228,357,243,469,94,-48,-56,-57,-527
20171126175521,79,226,359,243,465,89,-48,-56,-57,-536
20171126175523,78,221,364,239,460,89,-50,-56,-58,-516
20171126175523,75,225,371,243,460,94,-50,-57,-58,-496
20171126175525,78,223,359,239,465,89,-50,-55,-59,-494
20171126175525,55,222,384,232,484,81,-50,-55,-65,-485
20171126175526,44,237,394,243,502,65,-50,-55,-62,-455
20171126175527,38,240,394,243,515,69,-56,-55,-62,-475
20171126175528,36,232,397,236,511,63,-56,-56,-62,-456
20171126175529,41,232,399,239,500,69,-60,-58,-62,-456
20171126175530,39,234,401,241,502,72,-60,-58,-59,-468
20171126175531,45,236,394,243,500,65,-60,-58,-59,-468
20171126175531,46,232,397,241,493,65,-57,-58,-59,-478
20171126175532,46,232,392,239,498,68,-57,-58,-59,-478
20171126175532,45,230,399,239,491,65,-58,-58,-59,-478
20171126175533,49,232,392,241,493,65,-58,-52,-59,-478
20171126175534,48,233,392,241,495,65,-58,-53,-59,-482
20171126175534,45,234,392,241,500,69,-56,-53,-66,-483
20171126175535,45,234,394,241,498,68,-58,-53,-66,-483
20171126175536,38,230,401,236,502,69,-58,-55,-66,-483
20171126175537,45,228,392,234,498,68,-61,-55,-66,-465
20171126175537,27,237,392,234,537,65,-61,-55,-66,-465
20171126175538,12,235,410,232,546,65,-61,-55,-66,-445
20171126175539,30,246,390,243,539,72,-61,-55,-66,-445
20171126175540,65,230,371,241,482,72,-61,-55,-66,-455
20171126175541,55,236,379,243,495,83,-61,-61,-66,-447
20171126175542,49,241,386,247,502,81,-61,-61,-66,-441
