Oficina ZigZag calibration

N1 = (0,0)
N2 = (503,958)
N3 = (584,25)
N4 = (120,936)

Timestamps, x_calculated, y_calculated, d1, d2, d3, d4, rssi1, rssi2, rssi3, rssi4
20171127220429,53,92,120,987,535,864,-53,-65,-65,-64
20171127220429,46,95,120,990,542,869,-57,-65,-65,-64
20171127220431,42,96,113,985,546,862,-57,-65,-80,-64
20171127220432,44,97,118,987,544,873,-57,-65,-80,-61
20171127220432,44,95,113,985,544,864,-57,-65,-80,-61
20171127220433,41,96,118,990,546,860,-57,-65,-80,-61
20171127220434,24,104,136,1009,557,878,-57,-65,-80,-61
20171127220435,15,130,155,985,568,871,-46,-655,-805,-615
20171127220436,8,108,142,1018,566,873,-46,-65,-805,-615
20171127220436,31,121,159,996,552,871,-46,-655,-805,-615
20171127220437,46,94,118,990,542,869,-46,-655,-615,-615
20171127220437,49,92,109,981,539,869,-46,-725,-615,-615
20171127220438,44,95,111,983,544,869,-46,-705,-615,-615
20171127220439,51,95,116,981,537,878,-46,-705,-615,-615
20171127220439,53,92,113,981,535,873,-46,-705,-615,-615
20171127220440,44,98,116,983,544,871,-53,-705,-615,-615
20171127220440,49,96,116,981,539,871,-53,-705,-615,-725
20171127220441,49,92,113,985,539,875,-53,-705,-615,-725
20171127220442,49,92,111,983,539,866,-53,-705,-615,-705
20171127220442,51,96,116,978,537,869,-53,-705,-615,-705
20171127220443,50,100,120,978,539,862,-53,-705,-615,-705
20171127220444,51,112,131,965,539,847,-53,-705,-615,-645
20171127220444,6,158,164,946,590,0,-53,-655,-615,0
20171127220445,28,151,159,941,568,827,-53,-655,-615,-645
20171127220445,47,146,164,941,548,814,-53,-655,-615,-645
20171127220446,40,149,164,941,555,820,-50,-655,-615,-645
20171127220447,40,149,164,941,555,825,-50,-655,-615,-645
20171127220447,40,150,166,941,555,820,-48,-655,-615,-645
20171127220448,36,153,162,935,561,823,-48,-655,-555,-645
20171127220448,46,149,164,935,550,818,-48,-655,-555,-645
20171127220449,54,152,168,928,544,807,-48,-655,-555,-645
20171127220450,49,169,186,919,552,801,-57,-655,-555,-625
20171127220450,54,171,188,913,548,796,-57,-655,-555,-625
20171127220451,63,168,186,910,539,792,-57,-655,-605,-585
20171127220453,58,171,190,913,544,792,-57,-745,-615,-585
20171127220453,57,168,188,917,544,796,-57,-745,-645,-585
20171127220454,49,171,188,917,552,798,-57,-745,-645,-585
20171127220454,54,173,190,913,548,798,-52,-745,-645,-585
20171127220456,49,198,214,895,559,779,-63,-675,-585,-635
20171127220456,52,206,223,886,559,763,-64,-675,-585,-595
20171127220458,45,208,223,888,566,759,-64,-725,-595,-605
20171127220458,47,213,227,882,566,761,-55,-725,-595,-615
20171127220459,48,212,230,886,563,757,-65,-695,-595,-685
20171127220500,49,208,227,888,561,757,-54,-685,-595,-605
20171127220501,51,216,232,879,563,752,-65,-685,-615,-635
20171127220502,52,231,252,869,566,737,-52,-605,-615,-625
20171127220503,47,249,261,849,579,719,-76,-605,-575,-675
20171127220504,43,248,258,851,583,717,-59,-765,-575,-715
20171127220505,43,247,256,851,583,719,-59,-765,-545,-645
20171127220505,49,246,256,849,577,715,-59,-765,-555,-655
20171127220506,47,248,258,849,579,719,-65,-745,-625,-775
20171127220507,46,244,252,851,579,719,-65,-745,-555,-635
20171127220507,47,244,256,853,577,719,-71,-755,-545,-775
20171127220509,44,270,280,832,590,695,-71,-755,-545,-645
20171127220509,48,287,302,820,592,689,-71,-735,-565,-675
20171127220511,51,287,300,816,590,682,-62,-805,-565,-625
20171127220512,49,285,302,823,590,689,-62,-805,-575,-625
20171127220512,47,286,302,823,592,684,-62,-755,-575,-615
20171127220513,49,291,304,814,594,684,-63,-625,-565,-655
20171127220513,51,288,304,818,590,680,-63,-715,-565,-655
20171127220514,51,290,304,814,592,680,-63,-715,-575,-615
20171127220515,52,295,311,811,592,671,-62,-715,-555,-665
20171127220515,54,304,320,803,594,660,-72,-655,-625,-665
20171127220516,76,307,329,790,577,651,-72,-605,-705,-715
20171127220516,78,313,337,785,577,647,-70,-735,-575,-615
20171127220517,79,314,337,783,577,640,-55,-705,-555,-625
20171127220518,77,311,335,787,577,647,-56,-635,-555,-635
20171127220518,80,312,337,785,575,649,-58,-715,-565,-645
20171127220520,78,313,337,785,577,647,-60,-645,-555,-725
20171127220520,74,314,337,787,581,645,-61,-645,-555,-625
20171127220521,75,311,333,787,579,647,-61,-715,-835,-635
20171127220521,78,322,348,779,581,627,-61,-685,-545,-695
20171127220522,76,332,350,765,590,612,-60,-685,-545,-665
20171127220523,66,352,371,759,607,605,-60,-755,-685,-615
20171127220523,71,343,364,763,598,601,-61,-635,-535,-655
20171127220524,74,345,364,757,598,610,-61,-605,-655,-625
20171127220524,72,341,359,761,598,610,-55,-725,-545,-615
20171127220525,70,345,364,761,601,614,-60,-725,-545,-645
20171127220526,69,339,359,768,598,618,-53,-735,-535,-625
20171127220526,70,342,364,765,598,621,-53,-735,-605,-625
20171127220527,70,341,364,768,597,621,-61,-735,-605,-625
20171127220527,63,347,366,763,607,607,-55,-705,-595,-625
20171127220529,41,397,403,730,656,572,-57,-705,-555,-645
20171127220530,48,392,394,724,651,570,-64,-655,-565,-675
20171127220531,50,388,392,728,645,570,-57,-655,-555,-645
20171127220532,34,398,399,728,665,579,-57,-655,-555,-645
20171127220533,42,388,394,735,651,579,-54,-655,-545,-635
20171127220534,48,401,410,724,651,572,-54,-655,-535,-635
20171127220535,40,423,425,706,675,550,-55,-705,-585,-635
20171127220535,39,425,430,708,675,548,-56,-635,-565,-645
20171127220536,36,421,425,713,675,546,-69,-635,-575,-635
20171127220537,33,426,430,711,680,552,-57,-635,-575,-705
20171127220537,37,422,425,711,675,548,-56,-635,-565,-705
20171127220538,40,428,434,706,675,552,-71,-635,-565,-705
20171127220538,37,422,427,713,674,550,-71,-645,-555,-665
20171127220539,41,426,430,706,674,550,-75,-645,-575,-665
20171127220540,43,432,439,702,674,544,-67,-645,-555,-655
20171127220541,27,454,454,691,704,522,-67,-635,-615,-605
20171127220541,30,455,456,689,702,520,-67,-675,-655,-655
20171127220543,31,459,458,684,704,522,-67,-635,-575,-615
20171127220543,31,456,456,687,702,522,-67,-665,-635,-615
20171127220544,30,455,458,691,700,522,-67,-665,-575,-615
20171127220545,30,457,460,689,702,517,-64,-645,-585,-625
20171127220545,26,463,462,684,711,520,-64,-675,-585,-625
20171127220546,23,476,471,675,724,500,-60,-625,-585,-635
20171127220546,23,485,476,665,733,493,-60,-665,-585,-635
20171127220548,46,479,482,662,704,489,-62,-615,-655,-635
20171127220548,53,475,476,658,697,487,-62,-605,-655,-655
20171127220550,56,476,482,658,693,482,-64,-615,-665,-655
20171127220551,49,482,484,656,704,482,-58,-615,-665,-655
20171127220551,53,476,478,658,697,482,-65,-605,-665,-655
20171127220552,53,487,491,651,704,474,-73,-605,-665,-605
20171127220552,51,504,507,640,717,456,-59,-635,-635,-655
20171127220553,49,511,517,638,721,452,-55,-655,-635,-615
20171127220554,50,514,515,632,726,445,-55,-655,-635,-655
20171127220554,53,513,513,629,724,443,-60,-635,-675,-665
20171127220555,52,510,511,634,721,443,-62,-635,-675,-575
20171127220555,57,517,520,627,721,447,-62,-625,-665,-585
20171127220556,50,514,515,632,726,445,-64,-625,-665,-565
20171127220557,54,507,513,638,715,454,-55,-625,-675,-655
20171127220557,52,507,511,638,717,456,-57,-625,-675,-625
20171127220558,50,517,520,632,726,443,-57,-625,-645,-595
20171127220558,45,540,533,612,752,419,-59,-625,-605,-595
20171127220559,51,554,555,605,752,414,-62,-625,-675,-585
20171127220600,57,556,557,598,750,412,-62,-705,-635,-605
20171127220600,54,557,555,597,755,416,-66,-695,-655,-615
20171127220601,56,554,557,601,748,414,-69,-675,-685,-625
20171127220602,52,551,552,605,750,416,-59,-675,-625,-605
20171127220602,57,551,552,601,746,412,-70,-665,-605,-605
20171127220603,53,552,552,603,750,412,-68,-665,-605,-605
20171127220603,53,553,557,605,748,421,-57,-605,-605,-595
20171127220605,52,572,581,598,759,412,-63,-605,-675,-855
20171127220605,71,578,590,579,750,368,-67,-855,-625,-855
20171127220606,79,579,590,572,746,368,-63,-675,-625,-635
20171127220607,71,579,588,577,752,368,-66,-695,-615,-635
20171127220608,64,585,594,579,761,371,-66,-695,-615,-635
20171127220608,72,581,592,577,752,375,-63,-675,-605,-605
20171127220609,69,582,588,575,757,368,-63,-685,-605,-625
20171127220610,72,581,592,577,752,368,-65,-635,-605,-605
20171127220610,69,581,590,577,755,368,-64,-595,-605,-595
20171127220611,63,591,601,577,765,357,-64,-665,-625,-595
20171127220611,66,613,623,561,779,340,-65,-635,-625,-665
20171127220613,73,625,640,550,781,333,-68,-745,-725,-615
20171127220614,68,623,640,557,781,333,-55,-745,-625,-595
20171127220615,72,624,638,552,781,331,-65,-815,-765,-605
20171127220616,69,626,640,552,785,333,-54,-815,-625,-605
20171127220617,77,634,653,544,783,324,-56,-795,-685,-655
20171127220617,34,687,671,529,875,294,-56,-725,-585,-595
20171127220618,61,684,684,517,845,282,-56,-655,-585,-665
20171127220619,37,706,693,520,886,280,-56,-655,-735,-585
20171127220619,31,701,691,529,884,280,-65,-675,-605,-575
20171127220620,34,703,687,522,888,287,-65,-675,-765,-565
20171127220620,36,703,691,522,884,282,-60,-685,-595,-585
20171127220621,33,704,691,524,886,285,-60,-685,-595,-575
20171127220622,37,704,691,520,884,282,-61,-675,-605,-585
20171127220622,32,708,691,520,895,280,-66,-685,-735,-595
20171127220623,32,705,689,522,891,285,-66,-685,-595,-575
20171127220624,29,714,697,520,901,272,-64,-695,-725,-615
20171127220624,47,728,719,502,895,254,-66,-675,-575,-615
20171127220625,46,740,726,495,910,236,-66,-665,-615,-615
20171127220625,46,740,730,498,906,241,-67,-685,-615,-585
20171127220626,46,738,724,495,908,245,-59,-605,-655,-555
20171127220627,44,738,724,498,908,245,-67,-595,-655,-615
20171127220627,40,739,726,502,910,243,-67,-705,-655,-555
20171127220628,41,738,726,502,908,239,-70,-705,-655,-555
20171127220628,44,740,728,498,908,241,-68,-605,-645,-555
20171127220629,44,740,728,498,908,241,-59,-605,-635,-555
20171127220630,46,764,748,484,930,223,-77,-605,-625,-545
20171127220630,56,774,763,474,928,199,-69,-625,-625,-535
20171127220631,71,770,772,469,906,197,-64,-565,-695,-555
20171127220631,71,769,777,474,900,195,-71,-565,-645,-555
20171127220632,64,777,772,469,921,195,-61,-675,-645,-565
20171127220633,66,774,770,469,917,197,-67,-675,-685,-565
20171127220635,64,772,772,474,913,195,-67,-545,-695,-565
20171127220635,67,774,774,471,913,192,-67,-555,-665,-525
20171127220636,54,801,794,469,948,175,-65,-565,-665,-575
20171127220636,29,842,807,465,1024,158,-65,-561,-71,-565
20171127220637,38,837,807,460,1011,158,-58,-574,-64,-501
20171127220638,29,851,811,460,1038,153,-58,-624,-64,-584
20171127220638,28,854,811,458,1045,159,-58,-574,-64,-634
20171127220639,27,857,810,456,1051,159,-59,-621,-81,-614
20171127220639,23,857,810,460,1055,159,-59,-573,-63,-511
20171127220640,29,850,814,462,1033,162,-57,-563,-63,-523
20171127220641,37,842,810,458,1018,158,-66,-619,-79,-563
20171127220641,58,811,810,465,950,158,-66,-569,-769,-569
20171127220642,15,880,820,456,1093,146,-66,-586,-76,-589
20171127220642,71,835,838,449,959,131,-70,-576,-686,-506
20171127220643,52,865,847,447,1016,118,-63,-647,-67,-526
20171127220644,51,870,849,445,1024,113,-66,-610,-70,-527
20171127220644,41,873,847,452,1036,113,-63,-610,-70,-530
20171127220645,54,861,845,447,1009,118,-63,-637,-67,-530
20171127220646,56,862,849,447,1005,120,-63,-611,-71,-547
20171127220646,66,848,849,449,974,120,-63,-661,-711,-541
20171127220647,52,865,847,447,1016,118,-62,-640,-70,-541
20171127220647,53,856,845,452,1000,122,-62,-591,-71,-520
20171127220648,63,867,866,447,994,107,-62,-551,-611,-521
20171127220649,61,877,879,449,1000,96,-84,-551,-71,-5551
20171127220649,63,879,879,445,1003,89,-84,-571,-71,-5151
20171127220650,57,881,884,452,1005,94,-68,-573,-63,-5871
20171127220650,58,879,878,449,1007,94,-68,-622,-72,-5873
20171127220651,62,881,879,445,1007,94,-70,-574,-64,-5222
20171127220652,62,881,878,443,1009,94,-69,-584,-64,-5374
20171127220653,55,886,879,447,1020,96,-69,-572,-72,-5385
20171127220653,55,884,879,449,1016,96,-69,-627,-77,-5372
20171127220654,52,882,879,454,1014,94,-68,-564,-64,-5327
20171127220655,68,893,895,439,1011,78,-68,-626,-66,-5464
20171127220655,67,894,897,440,1011,72,-64,-638,-68,-6326
20171127220656,59,892,888,445,1020,78,-59,-634,-64,-6638
20171127220656,65,889,886,439,1014,72,-59,-677,-67,-6334
20171127220658,73,900,901,432,1016,63,-64,-624,-64,-5473
20171127220658,72,900,900,432,1018,63,-61,-784,-64,-5524
20171127220659,71,896,893,432,1018,68,-60,-624,-64,-5284
20171127220700,71,897,895,432,1018,61,-65,-624,-64,-5124
20171127220700,73,897,895,430,1016,63,-59,-744,-64,-5124
20171127220701,71,902,904,434,1018,56,-59,-638,-58,-5544
20171127220701,90,897,893,412,1011,54,-58,-713,-73,-5238
20171127220703,117,904,910,388,998,47,-55,-685,-655,-5115
20171127220703,118,907,908,384,1005,45,-66,-698,-68,-5185
20171127220704,120,906,910,384,1000,41,-66,-699,-69,-4898
20171127220704,117,904,908,386,1000,45,-57,-689,-69,-4899
20171127220705,117,901,906,388,996,43,-68,-689,-669,-4889
20171127220706,115,903,906,388,1000,50,-57,-692,-72,-4989
20171127220706,121,904,906,381,1000,52,-59,-695,-65,-4892
20171127220707,124,905,913,381,994,61,-59,-695,-655,-4895
20171127220707,145,898,904,359,983,72,-62,-695,-685,-5095
20171127220708,164,897,913,344,968,87,-61,-695,-685,-5495
20171127220709,171,897,910,335,968,87,-56,-815,-745,-6095
20171127220709,172,894,908,335,965,83,-61,-815,-665,-5415
20171127220710,170,898,913,337,968,85,-61,-635,-695,-7115
20171127220710,169,894,910,340,963,87,-61,-635,-695,-6535
20171127220711,172,893,908,335,963,94,-60,-635,-695,-6635
20171127220712,172,895,906,333,968,87,-60,-645,-675,-5135
20171127220712,173,891,904,333,963,91,-60,-645,-675,-4745
20171127220713,175,895,908,331,965,96,-61,-665,-675,-5045
20171127220714,192,894,910,313,959,146,-61,-665,-675,-645
20171127220714,212,887,906,295,946,116,-75,-675,-675,-595
20171127220715,206,872,901,311,924,136,-75,-625,-685,-515
20171127220716,196,887,904,311,950,137,-63,-715,-655,-495
20171127220717,199,875,900,316,932,140,-62,-715,-665,-495
20171127220717,195,880,900,316,941,140,-62,-735,-645,-485
20171127220718,199,880,901,313,939,140,-62,-735,-635,-485
20171127220718,194,880,901,318,941,144,-65,-625,-635,-485
20171127220720,201,875,895,311,935,162,-67,-715,-635,-495
20171127220720,201,853,875,318,915,127,-60,-615,-635,-485
20171127220721,197,824,853,337,884,155,-60,-725,-625,-465
20171127220722,203,822,853,333,879,153,-72,-725,-625,-495
20171127220722,200,811,842,340,871,168,-55,-605,-615,-485
20171127220723,203,819,849,333,878,171,-77,-575,-615,-485
20171127220723,199,819,853,340,875,175,-76,-575,-615,-485
20171127220724,203,816,851,337,871,168,-58,-575,-645,-475
20171127220725,206,816,849,333,871,168,-66,-585,-645,-505
20171127220725,205,817,849,333,873,186,-59,-645,-645,-505
20171127220726,200,786,820,353,847,171,-63,-655,-655,-535
20171127220727,195,772,810,368,833,190,-56,-655,-645,-555
20171127220728,195,770,807,368,833,239,-61,-655,-715,-525
20171127220728,201,763,803,368,823,186,-63,-655,-615,-505
20171127220729,193,771,810,371,832,247,-54,-655,-655,-495
20171127220729,197,765,801,368,829,201,-62,-685,-645,-495
20171127220730,195,769,810,371,829,197,-62,-685,-605,-615
20171127220731,196,768,803,366,832,190,-54,-685,-665,-615
20171127220731,201,764,801,366,825,272,-63,-675,-615,-495
20171127220733,186,743,787,397,807,234,-71,-735,-635,-555
20171127220734,186,736,781,401,801,243,-71,-675,-635,-535
20171127220734,188,727,765,399,798,243,-73,-675,-635,-595
20171127220736,187,713,735,397,796,245,-63,-625,-625,-595
20171127220736,187,713,735,397,796,239,-69,-625,-665,-595
20171127220737,187,711,728,394,798,245,-69,-625,-625,-605
20171127220737,187,711,730,397,796,241,-69,-625,-665,-545
20171127220738,183,710,728,399,798,311,-69,-645,-665,-535
20171127220739,184,693,715,412,781,267,-67,-765,-615,-575
20171127220739,178,669,687,430,765,280,-60,-765,-715,-545
20171127220740,184,675,702,427,763,280,-57,-585,-695,-595
20171127220741,186,676,706,427,761,282,-59,-735,-635,-565
20171127220743,187,677,708,425,761,285,-60,-735,-655,-565
20171127220743,187,676,708,427,759,287,-62,-735,-665,-575
20171127220744,194,677,713,423,755,291,-59,-585,-675,-575
20171127220745,193,656,695,440,737,313,-57,-625,-645,-575
20171127220745,193,635,680,460,717,353,-52,-625,-705,-675
20171127220746,584,268,675,462,0,0,-58,-615,0,0
20171127220747,197,637,687,458,715,377,-53,-625,-575,-545
20171127220747,194,637,680,456,719,379,-53,-625,-615,-615
20171127220748,195,634,682,460,715,388,-62,-615,-615,-535
20171127220748,198,631,680,460,711,403,-53,-615,-645,-545
20171127220749,198,627,675,462,708,397,-54,-575,-705,-625
20171127220750,194,630,674,462,713,397,-61,-605,-605,-565
20171127220750,193,633,680,462,715,390,-55,-605,-625,-625
20171127220751,201,610,665,478,691,355,-63,-645,-625,-625
20171127220751,209,579,638,498,662,371,-60,-655,-565,-615
20171127220752,164,590,623,507,700,379,-60,-625,-605,-685
20171127220753,214,561,618,504,647,371,-68,-645,-635,-585
20171127220753,217,561,621,504,645,372,-55,-675,-605,-585
20171127220754,214,561,616,504,647,377,-56,-675,-615,-555
20171127220754,208,563,618,507,651,375,-62,-725,-615,-585
20171127220755,216,562,618,502,647,371,-62,-725,-605,-585
20171127220756,215,561,616,502,647,375,-63,-715,-655,-605
20171127220756,218,551,612,513,636,377,-59,-715,-625,-565
20171127220757,155,551,581,542,675,440,-57,-585,-635,-595
20171127220757,142,548,570,548,684,436,-62,-675,-625,-655
20171127220759,143,552,572,542,687,445,-61,-695,-565,-605
20171127220759,148,556,583,542,684,454,-60,-655,-665,-695
20171127220800,175,537,572,539,653,443,-60,-655,-575,-675
20171127220801,145,553,572,539,687,449,-60,-675,-585,-585
20171127220801,144,550,570,544,684,454,-59,-675,-725,-565
20171127220802,146,548,568,544,682,458,-59,-705,-575,-575
20171127220802,150,545,572,548,674,474,-59,-665,-585,-585
20171127220803,139,524,550,572,665,465,-59,-665,-745,-585
20171127220804,180,491,542,583,612,471,-58,-745,-745,-675
20171127220804,187,489,542,581,607,471,-51,-745,-565,-615
20171127220805,189,485,539,583,603,474,-51,-735,-585,-595
20171127220806,190,481,539,590,598,469,-56,-735,-635,-615
20171127220807,180,485,539,592,607,462,-56,-735,-575,-615
20171127220807,188,484,544,590,601,467,-51,-735,-555,-625
20171127220808,189,487,544,585,603,460,-51,-735,-555,-625
20171127220808,184,486,542,590,605,467,-59,-735,-585,-615
20171127220809,196,467,524,594,585,474,-52,-735,-605,-625
20171127220810,172,450,500,623,588,511,-51,-735,-575,-605
20171127220810,176,446,500,625,583,524,-55,-735,-645,-635
20171127220811,181,444,493,618,579,520,-50,-765,-565,-655
20171127220812,178,448,500,621,583,515,-58,-765,-545,-655
20171127220813,175,446,498,625,583,513,-55,-695,-565,-645
20171127220813,179,446,500,623,581,513,-55,-705,-545,-645
20171127220815,176,446,495,621,583,507,-52,-695,-575,-655
20171127220815,164,426,476,647,577,537,-54,-735,-585,-645
20171127220816,174,408,460,656,559,559,-54,-735,-585,-565
20171127220816,173,405,458,660,557,559,-60,-685,-725,-605
20171127220817,167,403,452,662,561,566,-53,-685,-635,-575
20171127220818,170,403,452,660,559,566,-58,-605,-605,-555
20171127220818,168,405,454,660,561,566,-58,-715,-595,-575
20171127220819,177,401,454,660,552,566,-58,-715,-635,-605
20171127220820,171,402,454,662,557,559,-57,-705,-595,-585
20171127220820,176,404,456,658,555,561,-54,-595,-635,-595
20171127220821,180,400,454,658,550,559,-52,-575,-585,-585
20171127220821,180,381,436,675,537,594,-62,-725,-665,-665
20171127220822,155,367,416,702,546,625,-52,-725,-685,-595
20171127220823,150,363,408,706,548,621,-59,-675,-645,-625
20171127220823,167,359,412,702,533,623,-52,-665,-585,-625
20171127220824,162,359,410,704,537,629,-51,-635,-585,-665
20171127220824,164,359,412,704,535,623,-55,-655,-585,-655
20171127220826,166,361,416,702,535,629,-51,-685,-705,-625
20171127220827,170,358,412,700,530,629,-56,-695,-575,-625
20171127220827,160,345,397,717,530,638,-53,-695,-575,-635
20171127220828,167,321,379,735,511,669,-56,-725,-545,-695
20171127220829,163,310,368,748,508,674,-59,-865,-565,-625
20171127220829,168,310,366,742,504,687,-59,-865,-565,-715
20171127220830,176,310,371,739,498,675,-59,-615,-605,-655
20171127220831,172,311,372,743,502,678,-57,-615,-595,-685
20171127220831,171,309,368,742,502,675,-54,-615,-595,-645
20171127220832,176,309,372,743,498,666,-54,-615,-575,-655
20171127220832,175,311,375,742,500,674,-58,-615,-575,-715
20171127220833,175,308,371,743,498,675,-58,-675,-595,-625
20171127220834,184,295,362,750,484,675,-54,-675,-585,-655
20171127220834,202,257,337,772,449,700,-54,-735,-685,-695
20171127220835,210,243,333,783,436,708,-63,-755,-635,-715
20171127220835,208,244,326,777,436,726,-50,-755,-545,-715
20171127220836,213,237,326,783,430,711,-53,-655,-665,-715
20171127220837,217,238,331,783,427,719,-56,-655,-555,-715
20171127220837,213,245,329,772,432,713,-52,-705,-645,-745
20171127220838,217,239,331,781,427,706,-59,-705,-575,-835
20171127220838,214,244,333,777,432,708,-58,-705,-575,-835
20171127220839,212,242,333,783,434,708,-53,-735,-655,-635
20171127220840,211,245,333,779,436,708,-60,-655,-555,-735
20171127220840,147,256,311,801,495,726,-56,-735,-575,-625
20171127220841,187,209,289,820,440,746,-49,-735,-645,-635
20171127220841,187,208,287,820,439,748,-56,-685,-645,-725
20171127220842,193,208,291,818,434,746,-56,-705,-645,-685
20171127220843,190,205,289,823,436,748,-51,-705,-655,-825
20171127220843,190,205,289,823,436,759,-67,-665,-645,-785
20171127220844,190,211,295,820,439,743,-64,-635,-645,-785
20171127220844,193,212,295,814,436,750,-53,-635,-645,-715
20171127220846,196,194,287,832,427,750,-52,-665,-625,-795
20171127220846,190,181,272,845,427,779,-55,-735,-665,-685
20171127220847,209,144,256,866,394,798,-54,-735,-615,-615
20171127220848,193,157,254,862,414,803,-54,-805,-615,-715
20171127220848,196,155,256,864,412,798,-56,-805,-615,-675
20171127220849,202,150,258,866,405,796,-56,-765,-625,-605
20171127220849,199,156,256,860,408,796,-56,-765,-615,-605
20171127220850,202,150,258,866,405,798,-55,-765,-615,-675
20171127220852,205,148,258,866,401,798,-54,-755,-625,-625
20171127220852,194,139,243,878,408,820,-52,-755,-625,-595
20171127220854,183,119,223,900,414,840,-55,-755,-655,-595
20171127220854,186,116,227,904,412,842,-55,-755,-655,-645
20171127220856,198,109,236,908,401,842,-53,-695,-665,-665
20171127220856,195,113,236,906,405,840,-52,-705,-725,-665
20171127220857,195,112,232,904,403,847,-57,-705,-725,-675
20171127220857,195,112,232,904,403,847,-56,-695,-645,-675
20171127220858,191,107,226,910,405,836,-55,-695,-695,-655
20171127220859,210,84,226,921,377,858,-55,-695,-695,-715
20171127220859,192,75,205,935,394,884,-55,-735,-575,-715
20171127220900,191,78,204,932,394,886,-57,-735,-575,-705
20171127220900,195,76,212,935,394,882,-57,-635,-575,-705
20171127220902,200,70,214,939,388,884,-54,-625,-595,-715
20171127220903,198,72,214,937,390,886,-54,-705,-685,-705
20171127220903,197,74,212,935,390,921,-54,-705,-675,-635
20171127220904,204,79,221,928,384,891,-54,-695,-675,-635
20171127220905,210,88,236,921,384,884,-54,-715,-665,-775
20171127220905,205,98,245,919,397,882,-53,-645,-665,-775
20171127220906,194,103,236,919,408,873,-48,-665,-685,-595
20171127220906,196,102,241,921,408,878,-49,-685,-685,-595
20171127220907,199,94,234,924,401,873,-50,-685,-665,-625
20171127220908,203,114,252,908,403,871,-50,-695,-625,-635
20171127220909,197,115,245,908,408,873,-50,-695,-685,-645
20171127220909,197,103,239,917,405,871,-58,-695,-635,-635
20171127220910,202,95,243,924,401,871,-58,-765,-635,-665
20171127220911,226,97,265,915,379,871,-50,-645,-695,-645
20171127220911,246,97,276,904,353,873,-49,-645,-645,-645
20171127220912,255,92,280,904,342,878,-54,-695,-565,-645
20171127220913,258,90,280,904,337,875,-53,-695,-625,-645
20171127220913,261,96,280,895,331,878,-53,-645,-615,-715
20171127220914,257,90,282,906,340,873,-55,-725,-625,-715
20171127220914,257,93,278,901,337,873,-54,-725,-565,-755
20171127220916,260,94,282,900,335,875,-55,-715,-535,-755
20171127220916,268,90,287,901,326,878,-52,-715,-595,-755
20171127220918,305,98,324,884,291,884,-53,-655,-585,-735
20171127220919,311,98,329,882,285,886,-53,-725,-625,-705
20171127220919,303,101,329,884,298,884,-56,-645,-615,-645
20171127220920,310,97,333,886,289,884,-52,-665,-615,-645
20171127220920,309,104,333,879,291,884,-59,-685,-615,-695
20171127220921,312,95,329,884,282,886,-59,-685,-595,-645
20171127220922,312,98,335,884,287,891,-59,-715,-595,-635
20171127220923,322,97,342,882,276,886,-62,-715,-585,-665
20171127220924,348,95,357,873,241,886,-56,-715,-585,-785
20171127220924,329,107,355,873,274,888,-56,-745,-595,-785
20171127220925,342,97,355,875,252,886,-56,-835,-615,-785
20171127220925,339,90,350,882,252,886,-61,-835,-635,-675
20171127220926,328,104,357,878,278,891,-55,-875,-605,-675
20171127220927,315,116,353,873,298,888,-59,-875,-645,-675
20171127220927,322,110,355,875,287,893,-55,-795,-585,-665
20171127220928,322,115,357,871,289,888,-56,-795,-575,-665
20171127220929,362,87,397,893,252,866,-56,-715,-535,-675
20171127220930,333,80,366,904,278,864,-59,-595,-575,-635
20171127220930,326,142,359,836,285,860,-59,-595,-555,-665
20171127220931,334,138,364,838,276,862,-61,-665,-505,-665
20171127220931,331,134,364,845,280,860,-63,-725,-605,-685
20171127220932,337,130,362,845,269,866,-63,-725,-495,-625
20171127220933,335,131,362,845,272,864,-63,-755,-495,-705
20171127220933,331,130,357,845,274,864,-63,-755,-555,-645
20171127220934,335,132,364,845,274,862,-70,-735,-495,-635
20171127220935,339,133,371,845,272,860,-61,-705,-515,-725
20171127220935,329,149,368,832,289,845,-61,-705,-595,-625
20171127220936,339,164,368,803,274,825,-70,-705,-525,-625
20171127220936,338,166,371,803,278,818,-70,-705,-505,-675
20171127220937,341,166,372,801,274,820,-69,-605,-505,-625
20171127220938,345,163,375,803,269,820,-58,-725,-545,-645
20171127220939,344,164,372,801,269,810,-71,-735,-535,-635
20171127220940,340,167,375,803,278,811,-69,-815,-515,-715
20171127220941,339,170,377,801,282,811,-69,-775,-535,-665
20171127220941,338,175,377,796,285,810,-69,-585,-515,-665
20171127220942,327,209,394,774,320,790,-72,-605,-515,-735
20171127220942,318,223,397,765,337,781,-72,-725,-525,-695
20171127220943,311,224,394,768,344,781,-72,-725,-495,-705
20171127220944,317,223,399,768,340,783,-72,-725,-525,-705
20171127220945,315,228,394,757,340,781,-64,-585,-515,-625
20171127220946,314,228,397,763,344,783,-64,-585,-535,-635
20171127220946,315,231,399,759,344,781,-69,-575,-505,-675
20171127220947,318,230,399,757,340,779,-69,-585,-495,-645
20171127220947,315,252,408,735,355,761,-69,-645,-465,-645
20171127220948,297,233,414,790,377,759,-69,-645,-535,-645
20171127220949,308,243,416,765,366,739,-72,-645,-515,-645
20171127220949,322,259,416,724,353,739,-69,-735,-545,-715
20171127220950,317,267,421,721,364,742,-69,-735,-505,-715
20171127220950,326,263,423,721,353,746,-67,-715,-525,-695
20171127220951,325,260,421,724,353,737,-67,-715,-525,-695
20171127220952,324,265,421,717,355,737,-67,-695,-505,-675
20171127220952,322,265,421,719,357,743,-67,-695,-515,-695
20171127220953,325,268,425,715,357,730,-70,-695,-555,-625
20171127220954,320,309,449,678,390,691,-58,-735,-615,-675
20171127220955,321,316,454,671,394,687,-59,-645,-555,-675
20171127220956,326,314,454,669,388,689,-61,-645,-545,-625
20171127220957,322,315,454,671,392,682,-59,-645,-525,-625
20171127220958,327,312,454,671,386,687,-58,-665,-545,-665
20171127220958,327,313,454,669,386,682,-59,-675,-585,-645
20171127220959,331,314,456,665,384,687,-59,-675,-585,-685
20171127221000,335,309,458,671,379,682,-56,-675,-545,-655
20171127221000,341,320,467,656,381,666,-59,-675,-535,-595
20171127221001,328,348,482,638,414,647,-59,-645,-595,-695
20171127221001,312,367,489,629,440,640,-60,-665,-595,-775
20171127221002,310,371,491,625,445,638,-66,-665,-605,-705
20171127221003,292,379,489,627,462,643,-66,-605,-605,-695
20171127221003,305,376,493,625,452,638,-64,-615,-615,-695
20171127221004,298,380,493,623,460,638,-66,-595,-615,-705
20171127221005,299,379,493,623,458,634,-69,-605,-595,-625
20171127221006,303,377,493,625,454,627,-62,-605,-595,-735
20171127221007,315,401,517,594,465,597,-67,-635,-555,-675
20171127221008,346,390,522,588,436,592,-67,-635,-555,-725
20171127221008,351,392,526,583,434,592,-67,-655,-535,-665
20171127221009,350,393,526,583,436,581,-58,-695,-555,-685
20171127221010,353,391,526,585,432,588,-59,-695,-535,-685
20171127221011,357,390,529,585,430,583,-66,-695,-545,-675
20171127221011,357,390,529,585,430,581,-57,-645,-565,-655
20171127221012,351,404,539,577,447,579,-61,-645,-565,-675
20171127221012,343,436,563,555,480,550,-57,-645,-555,-675
20171127221014,342,445,566,542,487,526,-64,-585,-545,-705
20171127221015,551,218,572,539,0,0,-62,-585,0,0
20171127221015,345,446,570,542,487,529,-62,-615,-615,-655
20171127221016,343,446,568,542,487,533,-62,-615,-535,-645
20171127221017,344,441,563,544,482,530,-62,-615,-575,-635
20171127221017,342,442,563,544,484,530,-62,-615,-575,-635
20171127221018,344,451,572,537,491,535,-61,-575,-635,-635
20171127221018,333,465,577,526,508,522,-62,-575,-555,-705
20171127221019,313,479,577,520,530,500,-62,-585,-535,-625
20171127221020,316,486,581,508,533,493,-73,-585,-615,-575
20171127221020,321,484,585,511,530,493,-73,-645,-545,-695
20171127221021,321,487,588,508,533,495,-80,-645,-555,-595
20171127221022,322,488,588,507,533,493,-70,-645,-575,-625
20171127221022,317,488,585,508,535,495,-70,-675,-535,-715
20171127221023,322,488,588,507,533,489,-61,-625,-585,-825
20171127221024,329,491,597,504,533,493,-60,-705,-555,-615
20171127221025,324,500,598,493,542,487,-70,-705,-585,-615
20171127221025,336,523,625,469,557,476,-67,-595,-585,-755
20171127221026,348,533,645,462,563,467,-65,-605,-575,-625
20171127221027,332,534,638,467,570,454,-62,-565,-575,-625
20171127221028,327,539,643,467,577,460,-69,-655,-565,-645
20171127221028,336,537,645,465,572,460,-69,-655,-585,-695
20171127221029,335,540,647,462,575,456,-63,-555,-565,-595
20171127221030,338,538,647,462,572,456,-63,-645,-565,-605
20171127221030,343,540,653,462,572,456,-63,-645,-635,-705
20171127221031,315,564,653,443,603,443,-69,-555,-585,-675
20171127221031,317,569,660,439,607,434,-69,-655,-565,-655
20171127221032,324,577,674,432,612,430,-64,-655,-575,-685
20171127221033,304,588,671,427,629,430,-54,-645,-575,-615
20171127221033,307,589,675,427,629,425,-67,-645,-575,-595
20171127221034,300,595,682,430,636,430,-69,-585,-635,-605
20171127221035,335,577,678,427,607,425,-64,-565,-535,-585
20171127221036,339,578,682,425,607,430,-64,-575,-535,-625
20171127221036,295,603,684,423,645,432,-64,-575,-625,-585
20171127221037,378,592,706,390,605,421,-72,-585,-545,-605
20171127221038,358,608,713,386,627,416,-76,-655,-595,-605
20171127221039,357,611,711,379,629,412,-76,-645,-545,-665
20171127221039,330,622,711,384,649,408,-76,-645,-545,-655
20171127221040,338,623,715,379,647,408,-76,-625,-555,-615
20171127221041,324,624,713,388,653,408,-60,-595,-635,-665
20171127221041,338,621,713,381,645,412,-72,-595,-565,-645
20171127221042,338,623,715,379,647,405,-67,-595,-545,-665
20171127221042,346,618,715,381,640,399,-63,-625,-545,-635
20171127221043,312,639,717,377,671,386,-66,-585,-575,-645
20171127221044,261,690,746,366,737,366,-66,-545,-595,-645
20171127221044,340,660,763,359,680,342,-68,-565,-615,-615
20171127221045,349,663,763,346,680,344,-68,-595,-645,-575
20171127221045,346,664,765,348,682,342,-68,-595,-605,-615
20171127221046,348,665,768,348,682,344,-68,-655,-665,-695
20171127221047,345,666,768,348,684,337,-68,-575,-605,-575
20171127221047,349,663,765,348,680,344,-66,-625,-585,-675
20171127221048,348,667,770,346,684,344,-65,-565,-585,-685
20171127221048,347,670,772,344,687,340,-66,-625,-585,-565
20171127221049,340,672,770,344,691,362,-66,-625,-615,-565
20171127221050,341,690,792,333,706,399,-66,-555,-615,-825
20171127221050,337,716,810,309,730,372,-65,-665,-555,-595
20171127221051,329,730,816,298,746,357,-65,-645,-605,-595
20171127221052,330,735,823,295,750,355,-70,-545,-555,-645
20171127221053,334,728,818,298,743,344,-61,-615,-625,-615
20171127221053,322,731,816,304,748,355,-58,-555,-545,-625
20171127221054,331,728,816,300,743,350,-79,-575,-555,-625
20171127221055,332,730,816,295,746,348,-59,-575,-645,-625
20171127221055,328,732,818,298,748,350,-59,-615,-615,-635
20171127221056,340,733,823,289,746,346,-59,-575,-545,-625
20171127221056,330,755,840,278,768,324,-70,-675,-625,-635
20171127221057,336,774,862,261,783,298,-73,-595,-575,-595
20171127221058,329,778,849,252,794,282,-60,-645,-575,-615
20171127221058,332,778,853,252,792,285,-67,-585,-575,-565
20171127221059,325,779,847,254,796,285,-67,-585,-645,-575
20171127221059,330,773,840,252,790,0,-65,-615,-565,0
20171127221100,333,771,840,252,787,287,-65,-585,-625,-535
20171127221101,326,776,842,254,794,287,-60,-585,-595,-535
20171127221101,322,777,842,256,796,282,-60,-595,-575,-555
20171127221102,328,779,851,254,794,289,-68,-595,-625,-635
20171127221103,329,789,858,243,805,316,-68,-565,-585,-625
20171127221103,336,815,882,219,829,282,-73,-585,-665,-555
20171127221104,621,422,884,217,0,0,-59,-565,0,0
20171127221104,323,832,886,214,853,280,-58,-575,-565,-605
20171127221105,320,831,884,217,853,272,-73,-595,-675,-625
20171127221106,315,835,886,219,858,274,-77,-595,-565,-675
20171127221107,315,837,891,221,858,276,-72,-595,-675,-605
20171127221107,327,837,897,212,853,276,-58,-585,-565,-595
20171127221108,337,831,900,210,842,272,-68,-545,-585,-525
20171127221109,329,854,913,201,869,243,-68,-545,-585,-665
20171127221109,335,870,937,192,878,252,-64,-625,-585,-595
20171127221110,333,879,946,190,886,247,-69,-555,-655,-595
20171127221111,332,885,948,186,895,245,-73,-715,-645,-565
20171127221112,330,878,943,192,888,245,-73,-605,-655,-565
20171127221112,327,880,937,190,895,243,-76,-605,-585,-655
20171127221113,329,880,939,190,893,245,-81,-595,-595,-555
20171127221113,331,881,939,186,895,247,-81,-705,-595,-555
20171127221114,327,883,950,195,891,245,-81,-645,-575,-665
20171127221115,341,906,996,186,893,239,-81,-545,-575,-575
20171127221115,348,884,961,177,884,247,-51,-595,-615,-635
20171127221116,349,879,937,166,893,263,-51,-595,-615,-635
20171127221116,348,881,930,162,900,254,-67,-575,-615,-605
20171127221117,352,878,928,159,897,263,-67,-715,-615,-605
20171127221118,353,881,935,159,897,258,-67,-715,-615,-685
20171127221118,348,882,928,159,904,263,-53,-715,-665,-625
20171127221119,352,883,935,158,900,265,-71,-665,-645,-625
20171127221120,348,883,935,162,901,261,-53,-595,-645,-635
20171127221121,357,879,932,155,895,269,-64,-605,-715,-685
20171127221121,369,882,946,146,891,282,-64,-605,-715,-655
20171127221122,387,885,952,127,891,300,-64,-605,-665,-635
20171127221123,393,886,956,122,891,304,-56,-645,-665,-655
20171127221123,392,885,952,122,891,307,-57,-715,-625,-635
20171127221124,396,890,961,118,893,307,-57,-675,-655,-605
20171127221124,399,887,963,118,888,311,-57,-675,-645,-615
20171127221125,399,885,961,120,886,313,-57,-535,-645,-615
20171127221126,400,884,959,118,886,311,-57,-535,-625,-585
20171127221126,399,883,959,120,884,309,-53,-565,-615,-615
20171127221127,399,879,952,120,882,316,-57,-555,-615,-635
20171127221127,407,880,959,116,879,326,-53,-605,-665,-585
20171127221128,421,888,976,102,882,344,-55,-585,-715,-595
20171127221129,429,886,969,91,882,353,-56,-4975,-675,-615
20171127221129,429,882,963,91,879,355,-49,-5775,-675,-615
20171127221130,427,882,963,94,879,355,-48,-6075,-675,-715
20171127221131,431,882,965,91,878,357,-49,-5085,-685,-675
20171127221132,432,881,969,94,875,357,-51,-6115,-615,-685
20171127221132,433,886,974,91,879,355,-57,-4705,-605,-695
20171127221133,429,886,969,91,882,357,-50,-4955,-655,-695
20171127221134,428,885,972,96,879,362,-53,-5385,-685,-625
20171127221134,445,883,978,85,873,372,-55,-5585,-685,-615
20171127221135,429,881,972,100,873,377,-70,-525,-645,-555
20171127221135,440,886,992,96,873,375,-60,-5335,-635,-585
20171127221136,444,893,1003,91,878,377,-64,-5055,-655,-715
20171127221137,463,888,1009,87,871,375,-57,-5045,-645,-675
20171127221137,437,890,992,94,878,372,-58,-5015,-615,-605
20171127221138,449,887,996,89,873,377,-63,-5115,-615,-565
20171127221139,447,892,1009,94,875,371,-57,-5035,-635,-685
20171127221139,446,892,998,87,878,375,-64,-5435,-635,-685
20171127221140,510,854,996,120,849,390,-64,-495,-655,-605
20171127221141,517,847,992,122,836,392,-65,-605,-685,-605
20171127221142,468,851,985,131,840,381,-61,-545,-675,-625
20171127221142,517,836,983,136,829,379,-58,-525,-675,-625
20171127221143,445,851,978,137,838,0,-58,-585,-655,0
20171127221143,484,835,972,137,825,372,-61,-565,-645,-605
20171127221144,520,838,985,136,832,377,-61,-535,-645,-635
20171127221145,517,839,985,137,836,381,-60,-505,-615,-635
20171127221145,456,847,981,140,836,381,-60,-505,-605,-655
20171127221146,513,840,985,131,832,384,-76,-505,-605,-655
20171127221147,530,792,950,190,794,403,-68,-525,-615,-555
20171127221148,530,782,943,195,779,419,-62,-515,-665,-605
20171127221148,518,785,941,195,785,416,-67,-495,-665,-605
20171127221149,517,783,939,195,781,414,-66,-565,-665,-605
20171127221149,517,783,939,195,781,414,-66,-525,-665,-605
20171127221151,527,781,941,197,779,412,-66,-635,-665,-605
20171127221151,531,782,943,197,781,414,-66,-535,-675,-585
20171127221152,496,783,932,195,779,423,-57,-545,-675,-585
20171127221153,496,773,924,205,770,427,-57,-555,-665,-595
20171127221153,504,748,906,230,746,414,-71,-555,-665,-675
20171127221154,518,731,897,249,730,430,-70,-525,-745,-655
20171127221155,519,728,895,249,724,434,-64,-535,-665,-635
20171127221156,517,726,893,252,724,440,-59,-535,-665,-635
20171127221157,512,723,888,249,715,447,-67,-595,-725,-575
20171127221157,506,723,886,252,719,445,-67,-595,-725,-555
20171127221158,508,725,888,249,719,439,-65,-525,-615,-555
20171127221159,504,726,888,252,724,439,-65,-525,-615,-615
20171127221159,500,713,875,261,708,449,-67,-545,-645,-545
20171127221200,510,689,860,285,684,471,-67,-585,-645,-545
20171127221200,494,683,849,295,682,478,-77,-525,-655,-615
20171127221201,501,683,851,291,678,480,-77,-565,-655,-595
20171127221202,494,683,849,295,682,482,-62,-565,-655,-585
20171127221202,500,684,851,289,678,480,-66,-545,-615,-585
20171127221203,496,678,845,298,675,487,-57,-555,-695,-585
20171127221204,489,678,842,298,675,487,-68,-565,-665,-615
20171127221204,479,682,840,294,678,487,-57,-555,-645,-615
20171127221205,497,677,845,300,675,484,-71,-585,-655,-635
20171127221205,484,660,825,318,658,508,-62,-565,-585,-585
20171127221206,489,645,814,329,640,467,-57,-565,-585,-575
20171127221207,482,638,805,337,634,478,-65,-525,-575,-555
20171127221207,482,636,805,344,636,491,-63,-715,-575,-555
20171127221208,482,633,803,348,634,511,-63,-555,-615,-575
20171127221209,483,633,803,344,632,511,-60,-665,-675,-595
20171127221210,490,634,807,344,632,507,-58,-575,-615,-575
20171127221210,490,632,805,344,629,522,-63,-665,-595,-595
20171127221211,490,610,787,362,605,515,-60,-595,-645,-595
20171127221212,507,590,781,384,585,533,-67,-565,-615,-625
20171127221213,503,591,779,379,583,533,-67,-535,-575,-545
20171127221213,494,591,774,381,585,529,-71,-575,-605,-545
20171127221214,500,590,777,381,583,529,-71,-515,-615,-645
20171127221214,490,593,774,379,588,535,-74,-555,-585,-625
20171127221215,495,591,774,379,583,539,-75,-565,-585,-635
20171127221216,489,592,772,377,585,533,-75,-515,-605,-655
20171127221216,492,590,772,381,583,533,-72,-615,-575,-605
20171127221217,490,588,770,384,583,530,-72,-555,-575,-675
20171127221218,492,578,763,394,572,537,-60,-515,-575,-635
20171127221218,504,559,755,410,550,566,-67,-605,-575,-545
20171127221219,494,554,746,416,548,575,-57,-585,-685,-555
20171127221219,489,544,737,430,542,577,-70,-585,-595,-535
20171127221220,490,544,737,432,542,577,-70,-615,-645,-565
20171127221221,490,545,739,434,546,579,-71,-635,-605,-585
20171127221221,486,544,735,430,542,579,-67,-635,-605,-555
20171127221222,492,543,739,439,546,575,-67,-645,-635,-575
20171127221222,498,544,742,432,542,577,-65,-645,-635,-555
20171127221223,492,537,733,439,535,588,-65,-655,-585,-545
20171127221224,487,522,719,452,520,601,-65,-535,-585,-585
20171127221224,488,501,706,478,504,552,-59,-585,-655,-585
20171127221225,490,491,700,487,493,550,-57,-595,-585,-565
20171127221225,488,494,702,489,500,570,-57,-595,-605,-565
20171127221226,493,491,702,487,493,552,-58,-515,-605,-615
20171127221227,494,491,704,493,498,563,-57,-515,-575,-595
20171127221228,483,493,697,484,495,555,-57,-535,-615,-595
20171127221229,475,495,695,487,502,561,-59,-585,-615,-625
20171127221229,474,489,689,489,493,555,-61,-565,-615,-605
20171127221230,479,468,678,513,474,590,-59,-635,-565,-595
20171127221231,498,457,682,522,460,594,-59,-535,-565,-625
20171127221232,489,451,674,535,460,605,-55,-525,-575,-585
20171127221232,485,451,671,535,460,605,-63,-595,-615,-585
20171127221233,478,450,666,535,460,616,-56,-565,-575,-585
20171127221233,475,446,660,533,452,616,-55,-525,-595,-575
20171127221234,487,444,666,533,447,621,-60,-535,-595,-595
20171127221235,480,449,665,530,454,665,-60,-535,-585,-595
20171127221235,473,444,658,537,452,662,-58,-535,-655,-605
20171127221236,484,424,651,555,430,640,-60,-565,-665,-605
20171127221237,485,401,636,575,405,653,-54,-525,-615,-595
20171127221237,491,401,640,575,403,671,-62,-525,-655,-605
20171127221238,483,403,636,575,408,665,-58,-575,-575,-665
20171127221238,479,405,634,572,410,656,-62,-555,-615,-635
20171127221239,480,404,634,572,408,660,-60,-585,-615,-595
20171127221240,478,402,632,575,408,669,-60,-585,-615,-605
20171127221240,484,399,634,577,403,662,-62,-585,-615,-605
20171127221241,518,468,632,0,0,671,-57,0,0,-605
20171127221242,477,380,616,594,384,678,-65,-585,-645,-645
20171127221243,482,375,616,598,377,682,-58,-605,-645,-625
20171127221243,483,367,612,605,368,687,-60,-605,-615,-595
20171127221244,479,367,610,607,372,695,-69,-605,-595,-605
20171127221244,481,366,612,610,372,691,-69,-605,-595,-595
20171127221245,479,369,612,607,375,687,-61,-575,-605,-615
20171127221246,476,366,607,607,371,695,-69,-575,-645,-605
20171127221246,478,365,607,607,368,697,-69,-625,-615,-605
20171127221247,478,361,605,610,364,691,-62,-575,-615,-635
20171127221247,472,357,598,616,362,687,-57,-685,-605,-645
20171127221249,470,335,590,653,355,730,-59,-615,-565,-615
20171127221249,448,336,579,662,368,728,-59,-615,-575,-765
20171127221250,494,300,579,658,291,721,-59,-555,-575,-645
20171127221251,468,319,575,658,331,728,-60,-575,-655,-615
20171127221252,486,306,579,662,307,724,-60,-535,-575,-605
20171127221254,449,322,568,669,350,737,-60,-545,-615,-635
20171127221254,473,285,563,695,302,750,-70,-575,-565,-585
20171127221255,473,272,555,704,287,752,-70,-585,-565,-585
20171127221255,485,267,561,708,276,759,-61,-585,-565,-605
20171127221256,473,269,555,711,287,759,-63,-575,-535,-685
20171127221258,476,266,552,706,276,752,-71,-605,-575,-605
20171127221258,475,264,552,711,278,761,-72,-615,-615,-605
20171127221259,483,263,559,715,276,759,-63,-615,-625,-585
20171127221300,464,225,524,746,245,790,-65,-665,-535,-615
20171127221301,464,225,524,746,245,792,-54,-575,-525,-605
20171127221301,471,228,533,746,247,796,-57,-565,-515,-595
20171127221302,471,223,529,750,241,796,-71,-565,-515,-625
20171127221303,469,226,529,748,245,796,-56,-575,-535,-595
20171127221303,465,220,526,757,245,790,-58,-625,-495,-615
20171127221304,466,224,526,750,245,792,-73,-695,-565,-605
20171127221305,468,222,526,750,241,792,-58,-575,-525,-585
20171127221306,476,195,522,774,212,811,-64,-555,-535,-645
20171127221306,486,178,524,790,192,816,-59,-585,-535,-635
20171127221308,472,178,515,796,205,832,-58,-545,-575,-655
20171127221308,468,177,515,803,212,827,-57,-555,-605,-655
20171127221309,476,175,515,794,195,818,-57,-555,-545,-635
20171127221309,477,167,513,801,188,827,-57,-585,-545,-615
20171127221310,475,175,515,796,197,832,-72,-585,-535,-615
20171127221311,475,175,515,796,197,827,-59,-585,-535,-615
20171127221311,482,173,522,801,195,829,-59,-585,-535,-615
20171127221312,473,158,511,816,190,838,-71,-585,-495,-655
20171127221313,475,131,502,838,164,882,-67,-575,-495,-705
20171127221314,475,126,500,840,158,941,-58,-595,-495,-705
20171127221314,472,126,498,842,162,871,-58,-565,-475,-715
20171127221315,474,125,502,845,162,873,-58,-565,-485,-715
20171127221316,476,131,507,842,168,871,-60,-565,-505,-715
20171127221316,481,131,511,842,164,871,-66,-595,-515,-665
20171127221317,478,129,507,842,164,862,-66,-595,-545,-665
20171127221317,470,125,498,845,166,875,-66,-565,-555,-765
20171127221318,465,112,493,860,164,901,-76,-565,-525,-765
20171127221319,484,72,491,886,111,901,-76,-565,-515,-765
20171127221319,474,80,491,884,133,915,-60,-675,-525,-625
20171127221320,472,72,487,891,131,915,-60,-665,-565,-575
20171127221320,472,72,487,891,131,921,-61,-665,-545,-675
20171127221321,469,78,482,884,133,915,-61,-685,-545,-575
20171127221322,468,73,480,888,131,910,-61,-665,-535,-585
20171127221322,476,76,489,886,127,908,-62,-665,-555,-615
20171127221323,472,76,482,884,127,910,-62,-665,-555,-605
20171127221324,469,74,482,888,131,913,-61,-665,-535,-585
20171127221324,482,71,502,895,127,913,-61,-605,-535,-595
20171127221325,471,79,489,886,137,932,-65,-685,-535,-725
20171127221326,473,86,491,879,136,948,-69,-685,-575,-705
